MutationType	SBS96A	SBS96B	SBS96C	SBS96D	SBS96E	SBS96F	SBS96G	SBS96H
A[C>A]A	0.033422396369278434	0.0659284832328558	0.02045718798879534	0.004943500360823237	0.011243486874736846	0.01901706598699093	0.013492725118994712	0.0065449250210076575
A[C>A]C	0.02840498408302665	0.03432356735691428	0.008094493723474443	0.003252611938805785	0.006522993884282187	0.009193247738294304	0.012062054080888628	0.0034875669493339956
A[C>A]G	0.013580004014074802	0.01092535227071494	0.0024940612609498205	0.0005606655457813758	0.0013883504353793797	0.006349914679303765	0.0012190973848919383	0.0005080101594467124
A[C>A]T	0.023876021900214255	0.04408516477793455	0.008627494078900903	0.0029774351140804357	0.006962649321649223	0.008474130779504777	0.007181138372980058	0.0036593427590560167
A[C>G]A	0.0051347580840229055	0.017104761805385352	0.014536415971815587	0.006489174130838365	0.0019204965358968907	0.011136847296729684	0.0028225566423498096	0.002130873033311218
A[C>G]C	0.0023071063065435737	0.006498352414928377	0.0072440220462158325	0.002793625113554299	0.0023732445517089217	0.005690098199993372	0.00369030280970037	0.001568609854002716
A[C>G]G	0.0012552410289936233	0.002764745999593288	0.004387547457590699	0.0013221418650937267	1.9527806270386513e-05	0.0007574707038293649	0.0006945128687948454	0.00020661687710799015
A[C>G]T	0.0022156180580482298	0.011370788551867008	0.012204680396243929	0.005461186058819294	0.0039051153487525882	0.008164616688154637	0.006521331407129765	0.001589218880108092
A[C>T]A	0.006433927766047418	0.018311200020834802	0.023419512268155813	0.00430334169534035	0.014769361279904842	0.013946108529344201	0.02237528370693326	0.009756815088912844
A[C>T]C	0.00566464972216636	0.005800084399525076	0.010332403387874365	0.0017909988705650903	0.006347620626911521	0.006461765875574201	0.015344775347039104	0.004251133780926466
A[C>T]G	0.0005083522802851532	0.004471818377205636	0.0007907159106418962	0.00714549366326537	0.002065886756367146	0.016479554931612305	0.07735792927443981	0.006721486043534242
A[C>T]T	0.003321500272722915	0.01092403318732977	0.016129689319059254	0.0038159530702978374	0.007225909810513258	0.006072071549715475	0.01778660231269896	0.0037371088087093086
A[T>A]A	0.013713569585233927	0.0030242284637643025	0.0181470993347466	0.0014745941107685212	0.006098641131538898	0.013317879820242524	0.009657870512455702	0.0010509131057187915
A[T>A]C	0.004885668808128685	0.0023170485987793654	0.004506834459025413	0.0013973566141794436	0.002960798442363739	0.0004578324935311104	0.014254653602838516	0.0028944969305302946
A[T>A]G	0.016781413955613972	0.004583694776520133	0.009311580508947372	0.0017896133165049833	0.0043759668618440625	0.009165061060339213	0.010866706566885114	0.0009775746109585424
A[T>A]T	0.006207465720362962	0.004231110394466668	0.012038192227482796	0.002123823528527282	0.006598941045813263	0.006325012962333858	0.02055759720504284	0.006519982432946563
A[T>C]A	0.007172736376523972	0.01528072627261281	0.05489121939986944	0.0028897479851730168	0.010920833859127016	0.044239199999719855	0.016113144429400563	0.00726280779344961
A[T>C]C	0.001141394861333538	0.0020953370016650297	0.009157214988954365	0.0020653298392426223	0.0017754957437864504	0.003775009530945681	0.010128249628469348	0.0054355166153982285
A[T>C]G	0.004673099126666785	0.009441828820854425	0.02909028708934784	0.001973339621908963	0.0078013356658630075	0.04870511222630739	0.010197717053815723	0.004320701941614971
A[T>C]T	0.0017416148245683871	0.007480343689676375	0.028882758449763058	0.0031564927252475173	0.007057090695016086	0.016818322194740176	0.026594612300395965	0.007375752436928451
A[T>G]A	0.0012320275622187183	0.0014534580634790472	0.006468363739550113	6.25858732200868e-05	0.0026854554109741	0.00413667022192385	0.004438203801400959	0.0028127743187360468
A[T>G]C	0.00011859741766791188	0.0004459277233945613	0.0017772281577344985	0.0003567587642464787	0.0009588261097087525	0.0006795500445741709	0.003418553275987506	0.006798924403265119
A[T>G]G	0.0025631262827664615	0.0006081883382958928	0.005011187791824341	0.0013786159217124806	0.0010626262589357794	0.0024241134204203265	0.005109773837029934	0.003060933139640838
A[T>G]T	0.0003028262832540236	0.0006669808063816748	0.003299582744948566	0.0011356838044594042	0.0013461415076744742	0.0013828986610045875	0.005284725700039417	0.053497723266482354
C[C>A]A	0.07365198038518429	0.06686634831130504	0.01632488740608096	0.0044072310125920925	0.011528381615644321	0.02153774435631931	0.00052033664503256	0.005338188371388242
C[C>A]C	0.08183097153902054	0.0445475778914988	0.001185881586713407	0.0052812459354754536	0.004685233942312831	0.005734337125941529	0.001927328577122331	0.002744792084704386
C[C>A]G	0.02129574354737997	0.010052670729346574	0.0009011488569376524	0.0005524565513769631	0.001539968816486521	0.006054652752354741	0.00012280325467145303	0.00023966972998096025
C[C>A]T	0.06861322067677975	0.05204689595848322	0.002322618673547186	0.005892563012894243	0.005917992377908377	0.003984980167065153	0.002417388646717882	0.00455109883332625
C[C>G]A	0.009074451006017625	0.008915738370269537	0.010840295050293207	0.007291995962150395	0.0016008249315200374	0.006842739875428379	0.0011155239280196839	0.00043205568837947797
C[C>G]C	0.00865685208234936	0.0054264208348467945	0.008042473066598176	0.0036377934576012193	0.0012919866472657303	0.006790153617039323	0.0031643065041862426	0.0006832090829266235
C[C>G]G	0.003541696311440319	0.0024885740305762736	0.004217189790215343	0.0014092009473824873	0.0001782222036854364	0.002076201737509109	0.0007171561886752897	0.00021754115726253077
C[C>G]T	0.006568846367299557	0.009065245129168033	0.01138478184118867	0.008006442538462579	0.002047503062640317	0.005982125310692936	0.005920583312399685	0.001468277673702687
C[C>T]A	0.014162340518087149	0.018047228483483196	0.021800755616277458	0.003295797568571288	0.022835346907377242	0.015135084548965096	0.01882391728460789	0.009947860683314502
C[C>T]C	0.014975451249629259	0.00885693309828639	0.016023169578984378	0.00190397441649111	0.011032497179694473	0.009992698091082275	0.018388168551027775	0.00594500066479668
C[C>T]G	0.0032013126998208462	0.0029638792284322336	0.0018775053793797269	0.005631657959893346	0.00368250492552761	0.024073608107864856	0.04804345488548279	0.005252189681632444
C[C>T]T	0.01903214156627655	0.01773363273590803	0.02249004304409027	0.003809830581303686	0.014952040361240506	0.01240225690882653	0.017040926683694124	0.00486095835454762
C[T>A]A	0.020910186702385546	0.0024074308649869635	0.013036345196887851	0.0028066212096018715	0.002558453418314457	0.013453379389829934	0.0022789874376030637	0.0007673911185702309
C[T>A]C	0.016054356908425688	0.0017401997806155123	0.007069284818135202	0.0034191205259412527	0.0015594010398490355	0.005555951911956072	0.00684112670365721	0.010524794617667794
C[T>A]G	0.04438334047794342	0.0021529346437395786	0.010672021588810594	0.0038125184690579773	0.0019661250140177357	0.014864218082282414	0.003971495596924796	0.005068525210954249
C[T>A]T	0.01850690009072423	0.0009461845787933612	0.014642941504716874	0.005765890402253717	0.0006153062864309861	0.011221866463311017	0.0060405535250902176	0.019920522794127465
C[T>C]A	0.006801300900988281	0.004261726859258488	0.024154996313154698	0.0017601587135868612	0.003064653198234737	0.023034455915912987	0.004121571147115901	0.009898810386657715
C[T>C]C	0.0022057283227331936	0.002631263304501772	0.006890171645209193	0.00285463166073896	0.001291523950494593	0.012660153498873115	0.007777573470957577	0.0350942449644208
C[T>C]G	0.006905313306488097	0.004822946576168761	0.016534467097371816	0.0011772049720093491	0.003538562032626942	0.025373937394469977	0.003303164419485256	0.02333103682845831
C[T>C]T	0.003535167193040252	0.0027459522223945193	0.017035678839311005	0.003018485032953322	0.002440641560242511	0.012189548427704722	0.004277022974565625	0.07730228282511234
C[T>G]A	0.0012342149985488503	0.0006883876243864506	0.0045676799211651084	0.0005382395674678265	0.0012988122378010303	0.003901438956381753	0.0019320247415453196	0.003727471078746021
C[T>G]C	0.0006809835592866875	0.0006243293346778955	0.002566842343658209	0.0009441956720547751	0.0011461810395121575	0.002696213729213923	0.0027179413405247032	0.016585747245699167
C[T>G]G	0.004442879224661737	0.0019237078301375732	0.005904520568437874	0.0026410516898613423	0.00047374648082040946	0.00504970001289621	0.003409805565606803	0.009897785866633058
C[T>G]T	0.0011967212874181821	0.0005604259210758643	0.0002682221053535918	0.0012536990768077661	0.001038384364651017	0.0016075988134004804	0.0005111317926240612	0.18889570459723473
G[C>A]A	0.02244246675090835	0.04862014651298523	0.0127961322106421	0.002964131103073727	0.011572101032361387	0.0071466484018537155	0.0151996804587543	0.003571998123661615
G[C>A]C	0.03271715346723795	0.03195550752803683	0.00574878993909806	0.0005582790538506997	0.006372041528811679	0.007097674190299585	0.005236450268421322	0.0023178546194685622
G[C>A]G	0.013057613605633378	0.008385392334312201	0.003237823364324868	0.00015648206135665532	0.0020350731140933932	0.0041390553757082674	0.0010380733619967941	0.0006707770627690479
G[C>A]T	0.01572932838462293	0.03267033513635397	0.007106799060745652	0.002808027169667184	0.007212945320643485	0.002342798567875158	0.01011677953414619	0.0031586073560174554
G[C>G]A	0.004944529074709863	0.008829811313189566	0.007965424805879593	0.0021064027649117635	0.001532045912463218	0.003999203235143796	0.000499238815523313	0.00025016649157066695
G[C>G]C	0.005684956379700452	0.006229650280438363	0.0057948861457407476	0.0015520374581683427	0.003132110747974366	0.005472524061333388	0.0017538893822347744	0.0002981160354093504
G[C>G]G	0.0034562285686843097	0.0017973851889837534	0.0021728430408984424	0.0008458966853504535	4.350295894255396e-05	0.002359653988387436	0.00022264251500018874	0.0002998457514877373
G[C>G]T	0.0033488556859083475	0.006950883991084993	0.006153196720406413	0.004244311659131199	0.00178453774904483	0.002591150583455062	0.003273206956218928	0.0006002856409031667
G[C>T]A	0.0026772804046049713	0.010006788698956371	0.019238433707505463	0.0019984942316988	0.013991759177297353	0.009962202087044715	0.024179336205124854	0.007215705532580614
G[C>T]C	0.0038429701584391297	0.007314884508959949	0.012002925407141447	0.0016288897133199499	0.008601180436089635	0.007137018048670143	0.02456397382542491	0.005985715622082353
G[C>T]G	0.00040559930174725796	0.003216448094018738	0.0023476112348726017	0.0042257546241785	0.0044158911611884835	0.015234144417045173	0.06244418155401945	0.004281113597102284
G[C>T]T	0.0029420067317551	0.010016629663296044	0.012772576119750738	0.001833264909510035	0.008909061071462929	0.00797527062240988	0.020537915509194135	0.004151955688139424
G[T>A]A	0.013118359269574284	0.0018184732357622124	0.009697926975786687	0.002273660167993512	0.0016280591781833208	0.011056279209442436	0.0012680653716085999	0.0007090100347023238
G[T>A]C	0.0049155691312626005	0.0013525285013020038	0.003452299409545958	0.0012805289728567003	0.001577282600919716	0.001285644036487491	0.005461017643101513	0.0030785513622686267
G[T>A]G	0.018308048993349077	0.0019035918633744586	0.009395479941740632	0.0016056094182567903	0.002069832029228564	0.011068030735477805	0.0032990006520412863	0.0017975288018351422
G[T>A]T	0.008195458087138832	0.0010666036440670724	0.008823007722385227	0.00254975818679668	0.0016570219112327323	0.006109853831585497	0.0062298295833170415	0.004540803297422826
G[T>C]A	0.0019172979597351515	0.006893967064097523	0.024808715395629406	0.0008641123207417175	0.006034668390639126	0.018440301972441377	0.00961314267013222	0.004444760382175446
G[T>C]C	0.0013394074520329013	0.0012811379180493532	0.005726593304425478	0.0013340597625938243	0.0027947474562097343	0.0022776095912558957	0.010300016971305012	0.005783497001975775
G[T>C]G	0.002187210840638727	0.00227949094374253	0.006831674263812601	0.0022106909795547836	0.0028965339323622176	0.06813308946788312	0.005372616921085864	0.00527731301728636
G[T>C]T	0.001092284128499159	0.00347337132494431	0.01680971421301365	0.001695899974074564	0.00450578743359074	0.009324936443008483	0.016505533512681723	0.00841759919654578
G[T>G]A	0.0008632528784801252	0.0005336736009485321	0.003019534363411367	0.0008650679027778096	0.0004672632717483793	0.0012870661763008683	0.0021170270815491677	0.0009891305459314027
G[T>G]C	0.00018537657228080207	0.0006256257295899559	0.0012636633886722848	0.0004603809795662528	0.0004265656632378523	0.00031693612388835083	0.002028800650732592	0.004094311059452594
G[T>G]G	0.0038604373345151543	0.0003243326475520693	0.003833031018730253	0.0019623182818759234	0.0009533336559252348	0.006432192120701075	0.004626074859406799	0.0028748348308727145
G[T>G]T	0.0004014406004716875	0.0007584902816597605	0.001653922249097377	0.0014801176491891965	0.0007266406062626629	0.0003931528271410721	0.0033539916784502567	0.05121751822531223
T[C>A]A	0.03187811160460115	0.047031973525881766	0.018126313025131822	0.035624004676938055	0.019176161512732506	0.011771118934266269	0.012183248857036233	0.006148949251510203
T[C>A]C	0.043718716222792865	0.047655592411756514	0.011503969710320234	0.01908928856253624	0.007935159287881107	0.013666684026829898	0.012074868455529212	0.0037470021669287236
T[C>A]G	0.007263907035812736	0.006855688760988414	0.003017784943804145	0.0025241452257614583	0.00222233890381176	0.004271211423911154	0.0022286491247359664	0.0007536374969276949
T[C>A]T	0.032873678868636486	0.05584754500538111	0.016311994874849915	0.022503859251737594	0.016195747489109635	0.00894161968055414	0.02814443487673998	0.008028877335600555
T[C>G]A	0.0012038357906176776	0.007681976266552557	0.006364003016918689	0.18779358759522438	0.04890051188879396	0.009939156751596031	0.00019047838963160758	0.003115872347379991
T[C>G]C	0.005955088147893548	0.007902929810807108	0.011181791257113218	0.041023119427263735	0.011642568559618666	0.009801661646924913	0.005803301073610783	0.0006727392441098346
T[C>G]G	0.0019903202587738633	0.0011718827090226114	0.0023296802246477455	0.008361276509240269	0.0026424316488555632	0.0013082435714750317	0.00010118905417584756	0.0001177522100533679
T[C>G]T	0.003096072821246443	0.00967423713073208	0.015064994748681783	0.21171569406986238	0.05065523121258891	0.007414423181197002	0.013912986498326063	0.003480141035979618
T[C>T]A	0.0007812469378534188	0.008855236978357632	0.003814336798463361	0.14805022962391376	0.2559608553349972	0.006759483245340736	0.01739442150750165	0.021995778502896426
T[C>T]C	0.006585809059906751	0.010918591911904514	0.013009687000885607	0.027151916013099252	0.06201017882674933	0.009969205791130663	0.03165846386924386	0.012055169618688523
T[C>T]G	0.0014691410023079882	3.5128190784165107e-06	0.00015983829378974572	0.01939825411885977	0.024897901322692633	0.006814791844808496	0.033951771687716244	0.005009092282271013
T[C>T]T	0.009245886616408825	0.010839435774832963	0.010659014978446067	0.06678009232506156	0.14571159690618515	0.0025865602967079957	0.02514009449630976	0.013076263889670372
T[T>A]A	0.013494456531479954	0.0018060294275871113	0.01986003905534744	0.00206984900549287	0.005365620630327612	0.014721424416638911	0.010223004021681845	0.0024728360632434486
T[T>A]C	0.006102984170429409	0.001698792473762296	0.007486463179811835	0.0016799822467146442	0.002208936291281134	0.004519579504849389	0.0066856697527691725	0.004167356493417174
T[T>A]G	0.01348560188896954	0.0025549931323621423	0.009150446830317379	0.0008515406680817264	0.002902001503389329	0.007464588049333543	0.0028031515248585492	0.0018156518950127065
T[T>A]T	0.00732977831736207	0.004043433287879452	0.01853959077037871	0.003936354911420494	0.0041728316259104755	0.011149606194812804	0.010753562129102646	0.01196144542656839
T[T>C]A	0.0009636425043277544	0.00791246687527746	0.028609067797660828	0.0007774061026971208	0.005186559034045786	0.019266468961723147	0.009493401581421495	0.00827635798137635
T[T>C]C	0.00034368595958683397	0.002637124998145737	0.008998476453125476	0.0022955776704475283	0.0013900002441368997	0.0032477042241953313	0.011104927556589246	0.01471262133680284
T[T>C]G	0.00084778622400716	0.0013353531256375447	0.002198846258115267	0.0015261854502315309	0.0016590427812844405	0.09323972001671792	0.00416659944341518	0.006810203352943063
T[T>C]T	0.000558727988848347	0.003941529537911077	0.021539521217346192	0.0020140839475789106	0.004224615782732144	0.010628723257686943	0.015247362311929464	0.01725962432101369
T[T>G]A	0.0006102753551840578	0.0013855032942956314	0.008953180350363254	0.0008948444934297417	0.0026073545136023313	0.005127099253295455	0.004297520315740258	0.00445291543379426
T[T>G]C	0.00026022614007592033	0.0005865168680628351	0.0036150557757355273	0.0008130371144216042	0.0013086504503735342	0.001423526963990298	0.004677089003380388	0.012293315837159752
T[T>G]G	0.0035124006448313595	0.0012806382184498944	0.007272453783079982	0.0021891586005222054	0.0016196358809247612	0.003616979172220454	0.004694790469948203	0.00600248553790152
T[T>G]T	0.0006752824286823636	0.0014200167371365773	0.007526749782264233	0.0016602622519259363	0.0033929956948850304	0.005383384912274778	0.011274117007851601	0.11668194487690925
