MutationType	SBS96A	SBS96B	SBS96C	SBS96D	SBS96E	SBS96F	SBS96G	SBS96H
A[C>A]A	9.62E-04	3.17E-04	7.14E-04	2.64E-04	4.35E-04	7.24E-04	1.61E-04	1.19E-04
A[C>A]C	3.50E-04	2.88E-04	2.71E-04	1.42E-04	2.46E-04	3.55E-04	1.05E-04	7.84E-05
A[C>A]G	8.22E-05	1.34E-04	5.36E-05	5.34E-05	9.21E-05	1.18E-04	4.44E-05	3.56E-05
A[C>A]T	6.85E-04	2.92E-04	4.96E-04	1.80E-04	2.92E-04	5.01E-04	1.08E-04	7.20E-05
A[C>G]A	2.50E-04	1.11E-04	1.63E-04	1.82E-04	1.06E-04	2.45E-04	7.12E-05	6.15E-05
A[C>G]C	7.60E-05	6.33E-05	5.43E-05	6.20E-05	6.03E-05	9.61E-05	5.35E-05	4.56E-05
A[C>G]G	3.45E-05	4.48E-05	2.78E-05	4.71E-05	8.56E-06	6.22E-05	3.05E-05	2.04E-05
A[C>G]T	1.57E-04	1.14E-04	1.11E-04	8.86E-05	7.66E-05	1.62E-04	6.76E-05	5.14E-05
A[C>T]A	1.90E-04	2.00E-04	1.46E-04	1.05E-04	2.42E-04	2.61E-04	8.75E-05	1.10E-04
A[C>T]C	5.47E-05	7.11E-05	6.45E-05	5.35E-05	1.24E-04	1.21E-04	7.25E-05	6.85E-05
A[C>T]G	8.43E-05	1.51E-04	1.15E-04	2.26E-04	3.25E-04	8.56E-04	3.25E-04	2.43E-04
A[C>T]T	9.98E-05	1.47E-04	9.83E-05	6.56E-05	1.48E-04	1.72E-04	8.79E-05	7.33E-05
A[T>A]A	3.15E-04	1.20E-04	2.38E-04	9.15E-05	1.53E-04	2.85E-04	9.20E-05	6.18E-05
A[T>A]C	7.58E-05	4.22E-05	6.51E-05	3.97E-05	8.54E-05	9.00E-05	8.25E-05	6.18E-05
A[T>A]G	2.47E-04	1.01E-04	1.76E-04	5.74E-05	1.05E-04	2.02E-04	7.41E-05	6.49E-05
A[T>A]T	1.14E-04	9.47E-05	9.43E-05	6.06E-05	1.56E-04	1.56E-04	8.82E-05	8.64E-05
A[T>C]A	2.11E-04	5.35E-04	2.52E-04	2.33E-04	3.76E-04	6.22E-04	2.12E-04	1.23E-04
A[T>C]C	6.14E-05	9.60E-05	5.88E-05	7.11E-05	6.97E-05	9.91E-05	6.21E-05	5.87E-05
A[T>C]G	1.28E-04	2.88E-04	1.81E-04	9.54E-05	2.34E-04	4.82E-04	1.28E-04	9.49E-05
A[T>C]T	1.06E-04	2.96E-04	1.40E-04	1.27E-04	2.34E-04	2.93E-04	1.16E-04	1.03E-04
A[T>G]A	4.36E-05	6.55E-05	4.79E-05	1.05E-05	6.81E-05	8.57E-05	4.65E-05	4.31E-05
A[T>G]C	1.36E-05	2.40E-05	1.89E-05	1.68E-05	2.93E-05	3.76E-05	3.15E-05	4.79E-05
A[T>G]G	7.30E-05	4.32E-05	5.89E-05	3.88E-05	4.65E-05	6.88E-05	4.44E-05	4.34E-05
A[T>G]T	2.82E-05	4.03E-05	3.97E-05	4.41E-05	5.72E-05	6.99E-05	6.51E-05	2.01E-04
C[C>A]A	4.29E-04	6.82E-04	3.54E-04	2.30E-04	4.79E-04	6.54E-04	1.10E-04	1.08E-04
C[C>A]C	3.56E-04	8.91E-04	2.76E-04	2.37E-04	3.13E-04	8.15E-04	1.67E-04	7.50E-05
C[C>A]G	1.33E-04	2.27E-04	8.80E-05	5.27E-05	9.38E-05	2.35E-04	2.93E-05	2.22E-05
C[C>A]T	2.65E-04	7.52E-04	2.34E-04	2.30E-04	3.12E-04	7.00E-04	1.44E-04	8.05E-05
C[C>G]A	5.29E-05	6.29E-05	5.64E-05	1.49E-04	6.97E-05	1.55E-04	6.01E-05	3.33E-05
C[C>G]C	7.86E-05	5.02E-05	7.08E-05	8.86E-05	5.20E-05	1.23E-04	4.75E-05	3.63E-05
C[C>G]G	4.17E-05	3.44E-05	3.51E-05	4.91E-05	2.30E-05	6.79E-05	2.89E-05	2.07E-05
C[C>G]T	6.45E-05	7.06E-05	4.93E-05	1.58E-04	7.68E-05	1.43E-04	6.72E-05	4.61E-05
C[C>T]A	9.24E-05	1.58E-04	1.35E-04	2.64E-04	3.19E-04	2.05E-04	1.11E-04	9.69E-05
C[C>T]C	1.77E-04	1.03E-04	1.51E-04	9.67E-05	2.07E-04	1.86E-04	9.48E-05	7.97E-05
C[C>T]G	7.10E-05	9.47E-05	7.77E-05	1.25E-04	2.00E-04	5.69E-04	2.46E-04	1.60E-04
C[C>T]T	9.25E-05	1.25E-04	9.93E-05	1.02E-04	2.60E-04	2.19E-04	1.02E-04	8.04E-05
C[T>A]A	4.03E-04	1.18E-04	2.91E-04	1.04E-04	9.82E-05	3.26E-04	7.55E-05	4.36E-05
C[T>A]C	3.03E-04	9.24E-05	2.10E-04	8.91E-05	7.52E-05	2.35E-04	6.34E-05	7.79E-05
C[T>A]G	8.01E-04	3.26E-04	5.42E-04	1.69E-04	1.56E-04	6.63E-04	1.10E-04	6.90E-05
C[T>A]T	4.21E-04	9.12E-05	3.10E-04	1.71E-04	6.61E-05	3.35E-04	9.19E-05	1.07E-04
C[T>C]A	1.90E-04	2.08E-04	1.79E-04	1.38E-04	1.42E-04	3.04E-04	1.10E-04	8.30E-05
C[T>C]C	3.94E-05	6.16E-05	5.67E-05	8.60E-05	6.03E-05	1.37E-04	6.74E-05	1.34E-04
C[T>C]G	1.25E-04	1.30E-04	1.34E-04	7.66E-05	1.28E-04	2.90E-04	9.20E-05	1.18E-04
C[T>C]T	1.30E-04	1.60E-04	1.25E-04	1.23E-04	9.81E-05	2.17E-04	9.93E-05	2.89E-04
C[T>G]A	4.70E-05	4.63E-05	4.02E-05	2.37E-05	3.94E-05	7.31E-05	3.24E-05	4.20E-05
C[T>G]C	2.41E-05	2.93E-05	2.47E-05	2.57E-05	2.97E-05	5.20E-05	3.62E-05	9.05E-05
C[T>G]G	7.65E-05	4.63E-05	6.65E-05	7.58E-05	3.49E-05	8.61E-05	4.50E-05	7.29E-05
C[T>G]T	6.32E-05	7.59E-05	1.02E-04	1.15E-04	1.29E-04	1.93E-04	8.86E-05	6.89E-04
G[C>A]A	7.68E-04	2.47E-04	5.71E-04	1.82E-04	3.34E-04	5.72E-04	1.56E-04	9.50E-05
G[C>A]C	2.52E-04	3.27E-04	2.00E-04	8.18E-05	2.50E-04	3.34E-04	9.24E-05	6.42E-05
G[C>A]G	7.12E-05	1.25E-04	5.30E-05	2.77E-05	8.07E-05	1.44E-04	4.37E-05	2.86E-05
G[C>A]T	5.24E-04	1.84E-04	3.83E-04	1.42E-04	2.31E-04	3.69E-04	9.38E-05	7.50E-05
G[C>G]A	9.37E-05	5.55E-05	6.98E-05	7.90E-05	7.07E-05	1.25E-04	4.05E-05	2.53E-05
G[C>G]C	5.18E-05	4.97E-05	3.80E-05	3.56E-05	6.95E-05	8.97E-05	3.92E-05	2.84E-05
G[C>G]G	3.94E-05	3.20E-05	3.18E-05	3.10E-05	9.98E-06	5.32E-05	1.78E-05	2.13E-05
G[C>G]T	8.54E-05	5.23E-05	5.45E-05	7.16E-05	5.73E-05	1.05E-04	5.61E-05	3.47E-05
G[C>T]A	8.80E-05	1.95E-04	1.12E-04	1.26E-04	2.50E-04	2.09E-04	1.07E-04	9.58E-05
G[C>T]C	5.50E-05	1.09E-04	6.71E-05	8.09E-05	1.78E-04	1.91E-04	1.05E-04	1.03E-04
G[C>T]G	6.10E-05	1.13E-04	8.93E-05	1.50E-04	2.74E-04	6.61E-04	2.67E-04	2.09E-04
G[C>T]T	1.06E-04	1.18E-04	9.75E-05	8.40E-05	1.80E-04	1.82E-04	8.96E-05	8.95E-05
G[T>A]A	2.62E-04	7.92E-05	1.90E-04	8.02E-05	7.82E-05	2.35E-04	6.44E-05	4.19E-05
G[T>A]C	8.45E-05	4.05E-05	5.83E-05	3.14E-05	4.30E-05	8.27E-05	4.53E-05	4.99E-05
G[T>A]G	3.43E-04	1.12E-04	2.52E-04	8.79E-05	9.54E-05	2.89E-04	7.04E-05	5.26E-05
G[T>A]T	1.86E-04	5.74E-05	1.44E-04	7.32E-05	5.74E-05	1.59E-04	5.52E-05	4.95E-05
G[T>C]A	1.06E-04	2.49E-04	1.05E-04	8.95E-05	1.83E-04	2.96E-04	1.03E-04	7.13E-05
G[T>C]C	4.84E-05	5.95E-05	4.73E-05	3.62E-05	7.44E-05	9.54E-05	5.09E-05	5.47E-05
G[T>C]G	8.80E-05	1.38E-04	2.67E-04	9.56E-05	1.34E-04	7.85E-04	1.57E-04	1.03E-04
G[T>C]T	9.28E-05	1.77E-04	9.44E-05	7.28E-05	1.48E-04	1.96E-04	8.07E-05	7.35E-05
G[T>G]A	3.18E-05	3.03E-05	2.78E-05	2.69E-05	2.19E-05	4.21E-05	3.06E-05	2.55E-05
G[T>G]C	1.23E-05	1.77E-05	1.11E-05	1.64E-05	1.93E-05	2.52E-05	2.47E-05	4.38E-05
G[T>G]G	9.02E-05	3.12E-05	7.18E-05	4.43E-05	3.70E-05	9.97E-05	4.44E-05	3.86E-05
G[T>G]T	2.02E-05	2.95E-05	3.35E-05	4.61E-05	4.84E-05	5.04E-05	5.29E-05	2.15E-04
T[C>A]A	4.98E-04	2.75E-04	3.76E-04	2.92E-04	2.79E-04	4.34E-04	1.26E-04	8.75E-05
T[C>A]C	4.09E-04	4.02E-04	3.20E-04	3.22E-04	2.02E-04	4.63E-04	1.29E-04	8.64E-05
T[C>A]G	4.88E-05	6.75E-05	3.93E-05	5.85E-05	5.84E-05	7.85E-05	4.57E-05	3.35E-05
T[C>A]T	7.27E-04	3.23E-04	5.50E-04	2.91E-04	2.37E-04	6.12E-04	1.73E-04	1.48E-04
T[C>G]A	2.45E-04	7.11E-04	8.61E-04	1.27E-03	2.92E-03	9.72E-04	6.29E-05	1.27E-04
T[C>G]C	7.33E-05	1.60E-04	1.73E-04	3.33E-04	5.60E-04	2.21E-04	6.80E-05	5.19E-05
T[C>G]G	3.90E-05	3.73E-05	4.49E-05	6.75E-05	1.14E-04	6.66E-05	1.47E-05	1.64E-05
T[C>G]T	3.19E-04	8.21E-04	9.85E-04	1.56E-03	3.24E-03	1.06E-03	1.67E-04	1.42E-04
T[C>T]A	1.63E-04	7.45E-04	4.50E-04	3.72E-03	1.60E-03	9.99E-04	6.23E-04	3.63E-04
T[C>T]C	8.34E-05	1.98E-04	1.52E-04	8.86E-04	3.01E-04	3.13E-04	1.97E-04	1.43E-04
T[C>T]G	7.46E-05	1.80E-06	3.08E-05	2.79E-04	1.79E-04	3.50E-04	1.74E-04	1.43E-04
T[C>T]T	1.20E-04	4.58E-04	3.04E-04	2.23E-03	7.41E-04	5.28E-04	3.77E-04	2.21E-04
T[T>A]A	3.45E-04	1.37E-04	2.72E-04	8.90E-05	1.39E-04	2.95E-04	9.24E-05	6.42E-05
T[T>A]C	1.28E-04	5.00E-05	9.67E-05	4.81E-05	6.07E-05	1.18E-04	5.85E-05	6.23E-05
T[T>A]G	2.41E-04	7.54E-05	1.89E-04	5.60E-05	9.44E-05	2.14E-04	5.78E-05	5.54E-05
T[T>A]T	1.86E-04	1.49E-04	1.60E-04	1.17E-04	1.16E-04	2.09E-04	8.82E-05	8.70E-05
T[T>C]A	9.53E-05	3.06E-04	1.26E-04	1.15E-04	1.99E-04	3.32E-04	1.12E-04	7.42E-05
T[T>C]C	3.66E-05	9.43E-05	5.19E-05	7.62E-05	7.05E-05	9.86E-05	6.96E-05	8.29E-05
T[T>C]G	1.16E-04	1.75E-04	3.84E-04	1.20E-04	1.54E-04	1.16E-03	2.19E-04	1.32E-04
T[T>C]T	1.03E-04	2.33E-04	1.24E-04	1.19E-04	1.52E-04	2.50E-04	8.74E-05	9.14E-05
T[T>G]A	5.13E-05	9.72E-05	5.81E-05	3.72E-05	6.92E-05	1.24E-04	4.82E-05	4.26E-05
T[T>G]C	2.40E-05	3.92E-05	2.75E-05	2.73E-05	4.68E-05	5.21E-05	4.05E-05	6.79E-05
T[T>G]G	8.98E-05	5.65E-05	7.74E-05	5.78E-05	4.16E-05	9.75E-05	5.40E-05	5.55E-05
T[T>G]T	5.26E-05	8.78E-05	8.21E-05	8.52E-05	1.17E-04	1.32E-04	1.06E-04	4.12E-04
