Samples	SBS96A	SBS96B	SBS96C	SBS96D	SBS96E	SBS96F	SBS96G	SBS96H	SBS96I
LUAD.US_SP50827	17728	11117	1903	1216	4726	2265	463	1777	524
LUAD.US_SP50263	1089	140	935	1200	1279	211	293	4842	445
LUAD.US_SP50317	0	1063	0	7531	4816	1168	0	1730	0
LUAD.US_SP54113	44155	23241	20938	8862	4671	6924	3802	814	2380
LUSC.US_SP56537	15957	5474	8442	1521	6295	1002	2451	1075	209
LUAD.US_SP50406	80	0	0	0	0	0	0	509	0
LUSC.US_SP57586	5310	8643	10879	844	5689	1187	1551	2295	724
LUAD.US_SP51824	4211	5605	4153	2714	1376	2955	1036	2778	210
LUAD.US_SP55387	8888	5788	2737	313	2323	551	61	319	137
LUAD.US_SP52779	15382	11277	1977	2219	4754	2783	0	1574	0
LUSC.US_SP56541	16330	6842	5404	10259	2361	1287	1265	1272	236
LUSC.US_SP56553	5330	21338	19129	72194	6036	8211	1171	1489	1217
LUAD.US_SP55235	40494	34339	17302	3821	5264	7971	2188	2523	4099
LUAD.US_SP50713	2744	2871	1820	4028	0	1960	0	1011	0
LUSC.US_SP56771	1603	504	3791	367	2092	1004	1037	1973	176
LUSC.US_SP57941	35987	19795	6944	2622	8148	1410	2065	1286	582
LUAD.US_SP50611	30793	15804	2212	1967	2060	751	135	2104	58
LUSC.US_SP57818	26419	13772	101	4675	5197	1547	237	831	118
LUAD.US_SP50485	255	0	321	0	0	158	0	1602	0
LUSC.US_SP56460	4782	1327	4420	3495	7035	6679	1550	1264	513
LUSC.US_SP56474	495	501	3001	5891	2255	2135	401	2997	753
LUAD.US_SP51037	0	0	0	335	446	0	0	3242	272
LUSC.US_SP56704	14577	12844	17170	1063	3799	2213	1368	1446	635
LUAD.US_SP55142	54261	31850	25963	25066	6242	13237	3218	2042	2875
LUSC.US_SP56533	4636	2630	6936	680	3060	1050	1347	1688	382
LUSC.US_SP56730	7383	7077	11737	1166	4640	1285	1778	1443	535
LUSC.US_SP59245	13876	8525	9570	10304	3053	7467	1505	871	1912
LUAD.US_SP53387	11603	8268	232	2320	3498	16754	378	245	429
LUSC.US_SP57024	4122	3588	6715	1414	3804	1193	1382	1636	188
LUAD.US_SP54745	6928	0	0	9032	0	12334	0	0	20168
LUSC.US_SP57933	15469	9031	11787	10108	6903	1775	2007	1415	728
LUSC.US_SP56754	9622	3673	5671	4457	2725	1897	2084	1341	239
LUSC.US_SP56827	19237	7516	7052	4515	3883	992	1869	797	1285
LUAD.US_SP52284	234	4	678	269	1347	474	90	2036	143
LUAD.US_SP53618	33096	18604	2372	1183	4939	1407	1090	1065	104
LUAD.US_SP52232	11559	8705	3416	1102	0	0	0	2239	0
LUAD.US_SP50412	0	0	703	0	220	88	0	1021	83
LUSC.US_SP57084	7703	7144	11421	2604	6287	3918	2034	2153	533
LUAD.US_SP50321	5580	3400	647	221	1519	380	159	1114	141
LUAD.US_SP53548	0	0	0	0	0	0	0	1727	8418
LUSC.US_SP57538	4981	6645	15833	4984	3387	285	2273	1984	700
LUSC.US_SP57735	12096	7174	11544	5378	3631	1496	2293	1425	599
LUSC.US_SP57669	14749	12713	11719	2673	4580	375	4000	1439	918
LUSC.US_SP56566	3234	0	2152	7977	2896	7342	0	0	0
LUSC.US_SP56569	9920	5237	8920	4267	3262	976	2233	1035	630
LUSC.US_SP58342	18962	11170	0	11304	3182	2759	23607	4972	0
LUSC.US_SP58349	11671	6705	16853	1780	4722	682	2227	2328	1380
LUSC.US_SP56644	10816	8520	11978	3046	7891	3336	1654	2127	553
LUSC.US_SP57629	4905	1961	7020	420	10307	2546	1223	2992	434
LUSC.US_SP56941	0	0	0	2867	0	1145	0	1378	0
LUSC.US_SP57619	24813	11273	8369	2649	4543	1072	3185	959	459
LUSC.US_SP58245	19443	6623	19758	3893	4731	1248	3697	1483	716
LUSC.US_SP57251	9863	8056	14841	5655	6444	5141	2764	828	645
LUAD.US_SP55004	0	0	124	0	100	0	0	346	0
LUAD.US_SP56079	21399	17159	4159	1859	97	1562	375	2267	1326
LUSC.US_SP56502	12379	6212	10001	5550	5192	3519	1791	1849	501
LUSC.US_SP58668	6923	20411	19351	5297	7495	3202	3378	1054	773
LUSC.US_SP58101	8264	6997	15483	2160	2808	422	3075	1222	695
LUSC.US_SP58991	4036	4659	7438	853	6177	2308	1447	1843	451
LUSC.US_SP56607	3358	3314	5689	908	3666	1456	2005	1159	196
LUAD.US_SP56168	0	0	0	13054	3685	16630	0	0	0
LUSC.US_SP58326	21311	16454	17512	2524	8931	1868	3777	833	314
LUAD.US_SP54363	15532	9078	942	5146	5358	6793	630	646	439
LUAD.US_SP53810	65526	108771	0	0	16356	0	0	0	0
LUAD.US_SP50518	808	50	728	372	660	490	139	2870	274
LUAD.US_SP56303	2590	0	0	1579	7740	0	0	3392	636
LUSC.US_SP57267	17544	7694	14004	2021	5531	2154	3173	880	599
LUAD.US_SP55711	478	0	847	909	1346	1379	0	2716	254
LUSC.US_SP57066	12291	17367	10123	3493	9138	2825	2403	1734	286
LUSC.US_SP57901	6469	3749	6853	1138	5375	1477	2520	2002	555
LUAD.US_SP55509	34698	16782	3613	3078	6670	1866	1456	252	77
LUSC.US_SP57651	1210	3710	5366	2441	1819	908	1113	1664	491
LUAD.US_SP55309	157	0	0	0	0	133	0	1522	0
LUAD.US_SP52607	0	594	0	397	0	580	0	2465	0
LUAD.US_SP52667	16119	12779	2751	0	0	1286	0	1856	0
LUSC.US_SP57450	2145	1025	3088	9891	1958	4046	419	2528	374
LUSC.US_SP57846	6146	11650	6949	13547	3332	9973	2307	952	231
LUSC.US_SP58612	8289	2556	3373	567	1364	1121	7201	4005	697
LUSC.US_SP56821	7720	6478	5158	363	3530	1529	5288	1637	315
LUAD.US_SP51446	0	570	688	0	787	723	0	2890	0
LUAD.US_SP50592	0	0	644	0	902	484	0	3082	0
LUAD.US_SP53073	4596	7313	4068	239	1309	580	913	963	4266
LUSC.US_SP58882	1530	1605	9959	2750	2829	1057	1917	2347	657
LUSC.US_SP57189	43558	24435	21512	9770	10503	3664	5067	0	0
