Samples	SBS96A	SBS96B	SBS96C	SBS96D	SBS96E	SBS96F	SBS96G
Biliary-AdenoCA::SP99325	6.61E+01	2.10E+01	5.73E+02	8.70E+01	4.27E+02	1.34E+02	1.82E+01
Bladder-TCC::SP1059	2.53E+01	1.35E+01	8.54E+00	5.07E+01	5.16E+01	1.60E+01	3.86E+01
Bladder-TCC::SP96136	4.06E+01	1.12E+01	3.01E+01	2.59E+01	2.73E+01	1.36E+01	4.27E+01
Breast-AdenoCA::SP117369	8.15E+01	9.84E+00	1.65E+01	2.99E+01	1.14E+01	2.16E+00	7.62E+01
Breast-AdenoCA::SP2293	7.83E+01	1.59E+01	2.52E+01	3.12E+01	6.00E-02	2.26E+00	7.85E+01
CNS-GBM::SP25494	2.58E+02	0.00E+00	2.60E+02	0.00E+00	0.00E+00	0.00E+00	1.83E+01
ColoRect-AdenoCA::SP18310	8.42E+01	6.93E+00	2.11E+02	2.35E+01	2.69E+02	2.74E+01	8.47E+00
ColoRect-AdenoCA::SP17172	8.55E+01	1.63E+01	2.43E+02	3.20E+01	2.76E+02	4.18E+01	1.07E+01
ColoRect-AdenoCA::SP96133	5.95E+01	1.53E+01	1.33E+02	3.48E+01	1.51E+02	2.92E+01	1.73E+01
ColoRect-AdenoCA::SP110242	8.97E+01	1.61E+01	2.05E+02	3.45E+01	2.35E+02	3.62E+01	1.92E+01
ColoRect-AdenoCA::SP21017	7.50E+01	1.48E+01	1.37E+02	3.50E+01	1.78E+02	2.80E+01	1.73E+01
ColoRect-AdenoCA::SP22383	5.68E+01	1.64E+01	1.87E+02	3.61E+01	1.89E+02	4.21E+01	1.41E+01
ColoRect-AdenoCA::SP81312	1.14E+02	4.29E+02	4.18E+02	0.00E+00	1.93E+02	0.00E+00	8.92E+00
ColoRect-AdenoCA::SP22031	2.05E+01	1.24E+02	1.30E+02	1.57E+01	2.63E+01	1.69E+01	3.83E+00
ColoRect-AdenoCA::SP19215	4.22E+01	0.00E+00	2.53E+02	3.37E+01	2.17E+02	5.35E+01	6.07E+00
ColoRect-AdenoCA::SP16886	4.94E+01	4.43E+02	4.79E+02	4.28E+01	9.27E+01	7.01E+01	1.15E+01
ColoRect-AdenoCA::SP19295	2.76E+01	1.37E+02	1.36E+02	1.56E+01	1.24E+01	1.96E+01	6.12E+00
ColoRect-AdenoCA::SP17905	2.54E+02	1.10E+03	1.67E+03	2.20E+02	6.82E+02	3.68E+02	0.00E+00
ColoRect-AdenoCA::SP18121	4.72E+01	5.79E+00	4.21E+02	7.03E+01	3.16E+02	9.96E+01	1.07E+01
ColoRect-AdenoCA::SP21400	8.01E+01	4.05E+02	5.18E+02	0.00E+00	3.17E+02	8.76E+01	7.12E+00
ColoRect-AdenoCA::SP18946	8.03E+01	4.88E+02	5.45E+02	4.05E+01	2.21E+02	7.16E+01	8.92E+00
ColoRect-AdenoCA::SP80615	1.71E+02	1.19E+03	1.43E+03	1.35E+02	3.90E+02	2.11E+02	2.71E+01
Eso-AdenoCA::SP111058	1.02E+01	1.45E+01	3.83E+01	2.95E+01	4.46E+00	2.81E+01	8.38E+00
Eso-AdenoCA::SP111066	1.65E+01	1.62E+01	4.00E+01	3.51E+01	2.18E+01	3.99E+01	2.01E+01
Eso-AdenoCA::SP111113	1.44E+01	1.78E+01	3.99E+01	4.16E+01	2.72E+01	3.96E+01	1.01E+01
Eso-AdenoCA::SP110865	1.44E+01	1.17E+01	2.39E+01	3.71E+01	3.06E+01	2.87E+01	2.35E+01
Eso-AdenoCA::SP23502	1.54E+01	1.65E+01	3.69E+01	3.14E+01	2.59E+01	3.21E+01	1.23E+01
Eso-AdenoCA::SP111001	2.03E+01	1.27E+01	3.07E+01	3.07E+01	2.18E+01	2.51E+01	1.26E+01
Eso-AdenoCA::SP111173	2.20E+01	1.84E+01	5.17E+01	4.06E+01	4.67E+01	5.82E+01	1.27E+01
Eso-AdenoCA::SP111091	1.43E+01	1.09E+01	2.52E+01	2.44E+01	2.51E+01	3.03E+01	1.48E+01
Eso-AdenoCA::SP111175	1.45E+01	2.35E+01	6.44E+01	5.47E+01	3.48E+01	5.11E+01	2.12E+01
Eso-AdenoCA::SP111114	1.57E+01	1.74E+01	2.90E+01	2.34E+01	2.44E+01	2.88E+01	1.63E+01
Head-SCC::SP30113	4.06E+01	1.50E+01	3.47E+01	1.39E+02	1.44E+02	1.68E+01	1.05E+02
Head-SCC::SP30332	2.34E+01	1.17E+01	2.03E+01	7.52E+01	7.72E+01	1.10E+01	6.06E+01
Head-SCC::SP30675	2.98E+01	1.33E+01	2.50E+01	9.95E+01	9.81E+01	1.23E+01	7.94E+01
Liver-HCC::SP98090	9.31E+01	0.00E+00	2.38E+01	6.97E+01	1.15E+02	5.05E+01	4.40E+01
Lung-AdenoCA::SP53460	3.08E+01	1.41E+01	3.19E+01	9.39E+01	9.83E+01	1.03E+01	7.21E+01
Lung-AdenoCA::SP54113	3.94E+01	1.74E+01	4.68E+01	1.62E+02	1.66E+02	1.94E+01	1.26E+02
Lung-AdenoCA::SP55235	4.99E+01	2.24E+01	5.04E+01	1.74E+02	1.76E+02	1.86E+01	1.44E+02
Lung-AdenoCA::SP50611	4.03E+01	1.20E+01	3.66E+01	9.10E+01	1.00E+02	1.03E+01	9.05E+01
Lung-AdenoCA::SP55142	4.26E+01	2.80E+01	5.26E+01	2.18E+02	2.18E+02	2.25E+01	1.64E+02
Lung-AdenoCA::SP53618	3.79E+01	1.53E+01	4.32E+01	1.04E+02	1.12E+02	1.00E+01	9.39E+01
Lung-AdenoCA::SP53810	7.84E+01	3.70E+01	1.45E+02	3.46E+02	3.68E+02	3.44E+01	2.62E+02
Lung-AdenoCA::SP55509	3.33E+01	1.35E+01	4.26E+01	1.08E+02	1.17E+02	1.08E+01	9.26E+01
Lung-SCC::SP56553	1.88E+01	2.15E+01	2.90E+01	1.25E+02	1.07E+02	1.81E+01	9.61E+01
Lung-SCC::SP57941	4.14E+01	2.03E+01	4.09E+01	1.25E+02	1.33E+02	1.25E+01	1.03E+02
Lung-SCC::SP57818	2.62E+01	1.19E+01	3.55E+01	7.93E+01	8.66E+01	8.58E+00	6.59E+01
Lung-SCC::SP56704	2.44E+01	3.13E+00	2.10E+01	9.50E+01	8.71E+01	1.07E+01	6.89E+01
Lung-SCC::SP59245	1.69E+01	9.83E+00	1.68E+01	6.20E+01	6.49E+01	1.33E+01	5.04E+01
Lung-SCC::SP57933	1.44E+01	1.35E+01	1.94E+01	7.71E+01	7.64E+01	1.13E+01	6.19E+01
Lung-SCC::SP57669	2.09E+01	1.47E+01	2.30E+01	7.63E+01	7.94E+01	1.28E+01	6.07E+01
Lung-SCC::SP58342	2.22E+01	1.18E+01	4.17E+01	1.03E+02	9.07E+01	1.68E+01	6.82E+01
Lung-SCC::SP57619	2.64E+01	1.09E+01	2.51E+01	8.67E+01	8.89E+01	1.11E+01	6.85E+01
Lung-SCC::SP58245	2.50E+01	1.29E+01	3.05E+01	9.05E+01	8.74E+01	1.41E+01	6.44E+01
Lung-SCC::SP57251	1.85E+01	1.22E+01	2.04E+01	7.09E+01	6.78E+01	1.34E+01	4.82E+01
Lung-SCC::SP58668	2.79E+01	1.40E+01	2.37E+01	9.81E+01	9.09E+01	1.43E+01	7.83E+01
Lung-SCC::SP58326	3.12E+01	1.55E+01	3.08E+01	1.24E+02	1.19E+02	1.41E+01	9.09E+01
Lung-SCC::SP57267	2.34E+01	1.53E+01	2.08E+01	8.28E+01	8.17E+01	1.23E+01	6.02E+01
Lung-SCC::SP57066	2.25E+01	1.61E+01	2.51E+01	8.61E+01	8.71E+01	1.11E+01	6.81E+01
Lung-SCC::SP57846	1.69E+01	1.11E+01	1.74E+01	6.64E+01	6.38E+01	9.01E+00	4.37E+01
Lung-SCC::SP57189	4.68E+01	2.28E+01	4.26E+01	1.75E+02	1.79E+02	2.02E+01	1.42E+02
Lymph-BNHL::SP116668	1.12E+01	1.22E+01	3.37E+01	2.96E+01	3.20E+01	4.10E+01	8.63E+00
Lymph-BNHL::SP116697	2.94E+01	2.93E+01	9.73E+01	5.45E+01	7.22E+01	5.40E+01	3.32E+01
Panc-AdenoCA::SP125732	1.33E+01	1.11E+01	2.48E+02	0.00E+00	2.22E+02	4.50E+01	4.57E+00
Panc-AdenoCA::SP125770	1.60E+01	1.21E+01	2.43E+02	5.84E+01	1.60E+02	4.42E+01	1.99E+01
Skin-Melanoma::SP124389	1.70E+01	4.20E+00	8.55E+00	9.63E+00	1.08E+01	2.86E+00	1.05E+01
Skin-Melanoma::SP124362	2.97E+01	9.09E+00	2.29E+01	1.80E+01	2.38E+01	4.61E+00	2.23E+01
Skin-Melanoma::SP124394	1.76E+01	5.76E+00	8.91E+00	7.35E+00	1.17E+01	4.17E+00	1.11E+01
Skin-Melanoma::SP124334	1.70E+01	7.13E+00	1.04E+01	1.46E+01	1.53E+01	7.72E+00	1.39E+01
Skin-Melanoma::SP124454	1.47E+01	4.73E+00	1.01E+01	1.19E+01	1.12E+01	3.37E+00	9.06E+00
Skin-Melanoma::SP124380	3.24E+01	9.58E+00	1.29E+01	1.74E+01	2.32E+01	1.31E+01	2.17E+01
Skin-Melanoma::SP124399	2.62E+01	7.74E+00	1.35E+01	1.72E+01	2.19E+01	7.96E+00	1.45E+01
Skin-Melanoma::SP124311	3.35E+01	1.02E+01	0.00E+00	1.89E+01	4.28E+01	1.98E+01	1.22E+01
Skin-Melanoma::SP124434	1.55E+01	6.60E+00	1.20E+01	1.28E+01	1.24E+01	5.07E+00	1.11E+01
Skin-Melanoma::SP124428	3.76E+01	1.35E+01	3.05E+01	2.99E+01	3.44E+01	6.19E+00	3.21E+01
Skin-Melanoma::SP124449	2.36E+01	6.31E+00	1.45E+01	1.44E+01	1.65E+01	4.18E+00	1.71E+01
Skin-Melanoma::SP124298	5.63E+01	1.45E+01	2.66E+01	3.88E+01	4.47E+01	1.11E+01	3.70E+01
Skin-Melanoma::SP124431	2.17E+01	7.81E+00	1.12E+01	1.73E+01	1.92E+01	6.72E+00	9.43E+00
Skin-Melanoma::SP124409	3.75E+01	9.67E+00	2.25E+01	1.92E+01	2.92E+01	5.99E+00	3.11E+01
Skin-Melanoma::SP124376	1.17E+01	3.44E+00	7.78E+00	8.41E+00	8.88E+00	2.81E+00	7.76E+00
Skin-Melanoma::SP124439	4.99E+01	1.57E+01	4.23E+01	3.66E+01	6.10E+01	1.77E+01	4.45E+01
Skin-Melanoma::SP124406	1.80E+01	5.67E+00	1.45E+01	1.79E+01	1.45E+01	1.03E+01	9.28E+00
Skin-Melanoma::SP124382	7.38E+01	2.08E+01	3.07E+01	5.45E+01	6.95E+01	2.21E+01	4.91E+01
Skin-Melanoma::SP124415	1.34E+02	4.14E+01	5.75E+01	1.02E+02	9.34E+01	2.85E+01	1.38E+02
Skin-Melanoma::SP124436	5.61E+01	1.79E+01	2.58E+00	5.23E+01	5.68E+01	1.69E+01	3.21E+01
Skin-Melanoma::SP124460	2.88E+01	8.64E+00	1.55E+01	1.82E+01	1.85E+01	9.73E+00	1.98E+01
Skin-Melanoma::SP124425	2.39E+01	6.36E+00	9.73E+00	1.49E+01	1.65E+01	9.37E+00	1.41E+01
Skin-Melanoma::SP124367	3.33E+01	8.37E+00	1.67E+01	1.72E+01	1.99E+01	1.84E+01	1.68E+01
Skin-Melanoma::SP124377	1.87E+01	6.32E+00	7.14E+00	1.12E+01	1.43E+01	8.16E+00	8.07E+00
Skin-Melanoma::SP124412	1.67E+01	5.88E+00	1.30E+01	1.88E+01	1.75E+01	4.22E+00	6.74E+00
Skin-Melanoma::SP124329	1.26E+01	4.15E+00	6.13E+00	7.72E+00	1.12E+01	4.30E+00	7.48E+00
Skin-Melanoma::SP124326	1.53E+01	4.68E+00	9.47E+00	1.41E+01	1.28E+01	4.02E+00	1.11E+01
Skin-Melanoma::SP124458	3.03E+01	1.01E+01	1.52E+01	1.97E+01	2.26E+01	7.44E+00	1.90E+01
Skin-Melanoma::SP124401	6.44E+01	1.82E+01	3.83E+01	4.05E+01	5.34E+01	1.47E+01	5.54E+01
Skin-Melanoma::SP124384	4.26E+01	9.70E+00	5.21E+01	2.23E+01	5.85E+01	1.36E+01	1.60E+01
Skin-Melanoma::SP124462	1.98E+01	7.77E+00	1.00E+01	1.35E+01	1.62E+01	7.80E+00	1.41E+01
Skin-Melanoma::SP124452	1.68E+01	5.39E+00	9.45E+00	1.43E+01	1.25E+01	5.08E+00	1.22E+01
Skin-Melanoma::SP124386	2.25E+01	6.41E+00	1.53E+01	1.62E+01	1.33E+01	4.36E+00	1.39E+01
Skin-Melanoma::SP124418	2.25E+01	7.14E+00	8.55E+00	2.04E+01	1.95E+01	7.08E+00	1.12E+01
Skin-Melanoma::SP124319	3.39E+01	9.46E+00	2.14E+01	1.23E+01	4.13E+01	6.30E+00	2.39E+01
Skin-Melanoma::SP124447	6.55E+01	2.17E+01	3.33E+01	4.67E+01	5.24E+01	1.62E+01	5.42E+01
Skin-Melanoma::SP124369	1.97E+01	7.45E+00	1.37E+01	1.74E+01	1.76E+01	5.65E+00	1.58E+01
Skin-Melanoma::SP124365	1.66E+01	6.12E+00	1.18E+01	1.66E+01	1.71E+01	7.77E+00	7.93E+00
Skin-Melanoma::SP124420	1.76E+01	4.50E+00	7.52E+00	8.61E+00	1.24E+01	2.76E+00	1.07E+01
Skin-Melanoma::SP124364	2.21E+01	8.54E+00	1.14E+01	1.88E+01	1.78E+01	5.37E+00	1.32E+01
Skin-Melanoma::SP124307	2.03E+01	6.07E+00	1.22E+01	1.18E+01	1.75E+01	4.53E+00	1.19E+01
Skin-Melanoma::SP82445	1.17E+02	3.03E+01	7.51E+01	7.23E+01	1.19E+02	3.22E+01	1.04E+02
Skin-Melanoma::SP83242	1.68E+01	4.95E+00	1.36E+01	2.61E+01	2.35E+01	5.53E+00	9.45E+00
Skin-Melanoma::SP103894	2.76E+01	1.05E+01	1.62E+01	2.02E+01	2.59E+01	1.14E+01	2.09E+01
Skin-Melanoma::SP83382	1.36E+01	4.32E+00	9.05E+00	1.02E+01	1.11E+01	3.40E+00	6.77E+00
Skin-Melanoma::SP82451	1.56E+01	6.26E+00	1.18E+01	1.41E+01	1.75E+01	5.12E+00	7.63E+00
Skin-Melanoma::SP83312	1.60E+01	5.31E+00	7.42E+00	1.11E+01	1.15E+01	6.77E+00	8.62E+00
Skin-Melanoma::SP82614	1.20E+01	5.39E+00	6.49E+00	1.03E+01	1.06E+01	6.26E+00	8.42E+00
Skin-Melanoma::SP82431	7.91E+01	2.22E+01	0.00E+00	4.25E+01	5.76E+01	2.91E+01	4.89E+01
Skin-Melanoma::SP82459	1.95E+01	5.66E+00	9.01E+00	1.36E+01	1.47E+01	5.13E+00	1.04E+01
Skin-Melanoma::SP82532	3.67E+01	1.19E+01	1.70E+01	2.97E+01	2.96E+01	1.31E+01	2.44E+01
Skin-Melanoma::SP83482	2.12E+01	8.77E+00	9.05E+00	1.46E+01	1.33E+01	1.09E+01	9.69E+00
Skin-Melanoma::SP104530	2.46E+01	9.05E+00	1.49E+01	2.43E+01	2.34E+01	7.21E+00	1.30E+01
Skin-Melanoma::SP82644	3.58E+01	1.00E+01	2.53E+01	2.27E+01	2.90E+01	7.28E+00	2.85E+01
Skin-Melanoma::SP82988	1.71E+01	6.31E+00	8.61E+00	1.12E+01	1.15E+01	4.37E+00	1.30E+01
Skin-Melanoma::SP82461	2.04E+01	6.02E+00	1.24E+01	1.29E+01	1.63E+01	5.72E+00	1.29E+01
Skin-Melanoma::SP82900	4.95E+01	1.11E+01	3.18E+01	2.62E+01	6.50E+01	1.44E+01	4.11E+01
Skin-Melanoma::SP82399	2.43E+01	8.41E+00	9.19E+00	1.48E+01	1.89E+01	7.89E+00	1.51E+01
Skin-Melanoma::SP82417	3.22E+01	1.08E+01	2.41E+01	1.97E+00	2.91E+01	4.44E+00	2.39E+01
Skin-Melanoma::SP104056	7.02E+01	1.46E+01	0.00E+00	3.79E+01	9.17E+01	3.17E+01	3.29E+01
Skin-Melanoma::SP83083	1.93E+01	6.42E+00	1.05E+01	1.16E+01	1.38E+01	6.42E+00	8.46E+00
Skin-Melanoma::SP83019	1.98E+01	6.13E+00	9.31E+00	1.26E+01	1.24E+01	5.86E+00	1.13E+01
Skin-Melanoma::SP83146	5.37E+01	1.44E+01	4.11E+01	2.17E+01	4.87E+01	8.21E+00	4.49E+01
Skin-Melanoma::SP103866	2.10E+01	5.52E+00	8.58E+00	1.05E+01	1.24E+01	7.23E+00	1.49E+01
Skin-Melanoma::SP83844	1.64E+01	3.86E+00	7.69E+00	1.13E+01	1.23E+01	6.24E+00	1.00E+01
Stomach-AdenoCA::SP135287	5.00E+01	1.06E+01	1.37E+02	1.95E+01	1.51E+02	2.78E+01	5.46E+00
Stomach-AdenoCA::SP85122	4.75E+01	1.42E+01	1.76E+02	2.49E+01	1.93E+02	2.61E+01	8.85E+00
Stomach-AdenoCA::SP84384	8.21E+01	0.00E+00	2.70E+02	2.65E+01	2.87E+02	4.97E+01	8.77E+00
Stomach-AdenoCA::SP84491	1.28E+01	1.33E+01	3.29E+01	3.02E+01	2.60E+01	3.32E+01	9.67E+00
Stomach-AdenoCA::SP84743	1.28E+01	1.46E+01	2.76E+01	2.87E+01	2.80E+01	3.50E+01	1.51E+01
Stomach-AdenoCA::SP84982	2.66E+01	1.25E+01	1.10E+02	2.48E+01	1.03E+02	3.50E+01	6.59E+00
Stomach-AdenoCA::SP84392	4.48E+01	1.55E+01	2.46E+02	3.65E+01	2.15E+02	5.58E+01	9.72E+00
Stomach-AdenoCA::SP105018	1.42E+01	1.73E+01	2.95E+01	6.92E+01	6.18E+01	2.08E+01	5.04E+01
Stomach-AdenoCA::SP84439	1.06E+02	3.09E+01	1.04E+03	1.96E+02	7.42E+02	2.42E+02	3.70E+01
Stomach-AdenoCA::SP84922	1.41E+01	1.43E+01	3.22E+01	2.76E+01	1.90E+01	3.52E+01	1.08E+01
Uterus-AdenoCA::SP90209	1.28E+03	6.66E+01	7.68E+02	8.31E+01	1.29E+03	3.48E+01	1.08E+01
Uterus-AdenoCA::SP93540	4.33E+01	1.35E+00	1.42E+02	2.18E+01	1.43E+02	2.83E+01	7.56E+00
Uterus-AdenoCA::SP93227	1.35E+03	1.69E+02	1.30E+03	4.21E+02	2.78E+03	1.55E+02	0.00E+00
Uterus-AdenoCA::SP94933	6.01E+01	1.13E+01	2.01E+02	4.82E+01	1.12E+02	6.00E+01	1.45E+01
Uterus-AdenoCA::SP92364	6.17E+01	2.91E+01	6.62E+02	1.05E+02	4.29E+02	1.08E+02	1.24E+01
Uterus-AdenoCA::SP92659	2.60E+00	1.59E+02	1.60E+02	2.43E+01	0.00E+00	1.31E+01	7.18E+00
