MutationType	LUAD.US_SP50827	LUAD.US_SP50263	LUAD.US_SP50317	LUAD.US_SP54113	LUSC.US_SP56537	LUAD.US_SP50406	LUSC.US_SP57586	LUAD.US_SP51824	LUAD.US_SP55387	LUAD.US_SP52779	LUSC.US_SP56541	LUSC.US_SP56553	LUAD.US_SP55235	LUAD.US_SP50713	LUSC.US_SP56771	LUSC.US_SP57941	LUAD.US_SP50611	LUSC.US_SP57818	LUAD.US_SP50485	LUSC.US_SP56460	LUSC.US_SP56474	LUAD.US_SP51037	LUSC.US_SP56704	LUAD.US_SP55142	LUSC.US_SP56533	LUSC.US_SP56730	LUSC.US_SP59245	LUAD.US_SP53387	LUSC.US_SP57024	LUAD.US_SP54745	LUSC.US_SP57933	LUSC.US_SP56754	LUSC.US_SP56827	LUAD.US_SP52284	LUAD.US_SP53618	LUAD.US_SP52232	LUAD.US_SP50412	LUSC.US_SP57084	LUAD.US_SP50321	LUAD.US_SP53548	LUSC.US_SP57538	LUSC.US_SP57735	LUSC.US_SP57669	LUSC.US_SP56566	LUSC.US_SP56569	LUSC.US_SP58342	LUSC.US_SP58349	LUSC.US_SP56644	LUSC.US_SP57629	LUSC.US_SP56941	LUSC.US_SP57619	LUSC.US_SP58245	LUSC.US_SP57251	LUAD.US_SP55004	LUAD.US_SP56079	LUSC.US_SP56502	LUSC.US_SP58668	LUSC.US_SP58101	LUSC.US_SP58991	LUSC.US_SP56607	LUAD.US_SP56168	LUSC.US_SP58326	LUAD.US_SP54363	LUAD.US_SP53810	LUAD.US_SP50518	LUAD.US_SP56303	LUSC.US_SP57267	LUAD.US_SP55711	LUSC.US_SP57066	LUSC.US_SP57901	LUAD.US_SP55509	LUSC.US_SP57651	LUAD.US_SP55309	LUAD.US_SP52607	LUAD.US_SP52667	LUSC.US_SP57450	LUSC.US_SP57846	LUSC.US_SP58612	LUSC.US_SP56821	LUAD.US_SP51446	LUAD.US_SP50592	LUAD.US_SP53073	LUSC.US_SP58882	LUSC.US_SP57189
A[C>A]A	1727	217	331	4163	1691	13	1168	601	969	1631	1643	2128	4135	345	314	3528	2502	2413	42	856	310	61	1865	5421	722	1218	1570	1276	795	646	1918	1086	1760	117	2954	1020	24	1320	558	77	1112	1444	1816	425	1155	2197	1586	1631	967	62	2290	2130	1654	16	1790	1492	1995	1228	837	698	302	2797	1699	7680	137	550	1994	161	1931	925	3231	462	40	66	1304	437	1165	879	1034	119	95	723	528	4590
A[C>A]C	1164	136	183	2514	984	5	668	413	546	957	926	1343	2660	264	162	2161	1610	1455	30	434	191	57	1146	3469	379	672	952	819	425	420	1178	661	1050	74	1801	684	29	783	378	39	599	804	1180	223	685	1298	946	925	469	39	1432	1215	1037	5	1246	871	1212	717	439	380	191	1578	966	5046	95	282	1163	121	1185	599	1956	262	20	67	917	249	791	556	603	94	50	507	295	2688
A[C>A]G	429	38	35	998	376	0	262	156	197	437	343	479	967	94	70	763	651	520	9	121	49	13	462	1115	195	219	368	235	177	132	399	195	432	12	799	275	7	317	145	8	260	271	406	81	255	544	299	380	194	11	390	434	347	2	520	351	414	266	179	158	42	615	365	2211	9	38	489	14	468	187	801	119	5	10	359	86	346	217	234	21	16	173	103	1014
A[C>A]T	1167	130	219	2547	1093	7	699	401	643	1074	1000	1283	2849	208	175	2378	1750	1553	21	443	192	42	1074	3647	431	650	1034	909	458	403	1289	700	1273	59	1952	659	19	866	376	42	612	969	1195	282	685	1413	1014	1067	534	30	1544	1381	1066	8	1304	921	1192	750	525	415	183	1711	1147	5220	92	296	1220	106	1234	626	2235	290	23	27	906	263	748	478	653	73	52	452	320	2800
A[C>G]A	413	106	113	1377	510	5	412	201	260	305	463	1019	1361	90	98	818	710	467	12	259	157	35	656	1659	221	356	568	297	253	199	711	320	562	32	689	322	9	435	99	22	439	451	536	120	408	720	604	602	303	19	691	807	532	2	520	470	604	486	284	204	142	944	363	1380	53	124	599	45	597	320	735	182	11	21	310	205	378	294	337	23	26	162	212	1503
A[C>G]C	174	67	75	528	213	1	194	94	97	173	200	454	603	46	61	350	279	222	4	172	95	11	292	722	105	167	244	142	112	107	273	135	270	32	253	142	6	189	55	18	217	217	263	79	190	352	264	257	180	3	274	316	264	1	248	230	312	232	151	106	94	389	154	604	32	73	275	24	237	173	299	112	10	15	158	93	216	132	137	13	25	96	119	574
A[C>G]G	72	31	14	234	78	0	98	31	37	51	110	196	253	20	29	151	136	86	1	68	42	5	138	307	43	69	120	50	47	34	198	62	151	4	111	61	4	99	18	1	75	107	183	30	97	109	267	108	68	2	127	159	91	0	94	101	136	83	62	30	16	186	63	337	16	18	127	13	125	80	119	49	3	4	91	55	80	46	69	3	4	34	39	243
A[C>G]T	299	97	92	888	330	3	284	162	174	229	347	831	885	73	97	578	477	326	16	218	142	26	446	1197	185	293	436	258	158	177	524	235	357	42	393	224	16	348	85	20	328	386	427	141	333	553	438	364	276	23	482	586	378	4	330	359	494	408	233	179	149	609	304	892	49	165	471	61	390	258	428	142	13	24	205	151	295	195	191	36	40	141	248	985
A[C>T]A	566	200	208	1723	668	16	621	328	282	534	561	1309	1546	193	216	1072	627	649	55	453	281	67	915	2252	367	608	808	580	413	413	924	461	693	113	803	340	49	741	210	163	551	696	702	272	521	963	746	862	658	64	823	1089	859	17	625	728	952	642	581	374	364	1198	571	2022	126	241	829	152	803	517	919	276	41	65	448	300	669	451	485	116	86	301	359	1651
A[C>T]C	250	116	90	723	276	8	315	169	148	240	276	692	781	89	111	480	345	308	32	249	121	38	521	953	198	265	324	250	182	196	360	197	322	63	424	173	30	354	89	75	262	267	321	136	208	479	346	391	329	26	388	437	401	7	333	328	530	305	278	171	176	499	236	1073	50	169	352	81	461	235	402	133	17	48	218	129	311	223	242	70	49	155	194	668
A[C>T]G	308	450	234	423	271	49	283	306	121	273	280	596	534	117	208	401	314	240	158	280	309	319	243	747	202	215	301	236	249	230	317	249	265	150	330	196	94	330	135	154	309	314	349	176	219	882	346	339	361	159	292	401	248	31	251	302	295	249	242	182	263	346	265	569	265	368	277	296	345	270	280	230	148	218	168	353	339	486	277	271	294	173	226	441
A[C>T]T	321	133	160	1082	355	13	410	240	191	304	326	833	990	85	125	620	439	412	39	347	222	56	591	1524	223	330	502	278	242	226	587	263	382	67	479	234	21	544	140	58	353	424	443	145	323	561	525	553	416	34	516	678	549	6	356	448	632	393	343	244	219	657	331	1094	101	196	495	90	469	346	490	200	20	45	297	213	380	267	287	74	85	197	260	944
A[T>A]A	403	66	113	994	433	2	460	237	210	393	351	897	1003	87	110	703	417	460	23	225	134	41	686	1379	244	443	401	344	292	217	530	263	347	43	576	216	25	457	122	23	594	455	603	124	320	750	545	561	327	28	458	666	630	7	371	428	936	461	376	291	134	794	367	1992	53	109	530	79	622	319	612	190	13	34	268	165	445	255	371	86	53	238	300	1138
A[T>A]C	170	66	67	353	149	4	157	114	97	171	132	357	414	53	51	331	219	194	21	116	91	31	200	550	98	150	169	168	93	145	248	127	119	61	239	126	29	188	66	41	168	148	201	56	151	251	203	215	190	29	221	203	198	4	190	145	316	159	117	105	109	256	146	755	41	99	209	56	262	155	245	102	28	51	178	92	174	91	111	55	44	99	152	380
A[T>A]G	408	75	90	1033	352	6	343	257	187	390	348	749	1099	138	88	802	570	482	23	245	123	41	524	1358	201	349	441	324	227	193	516	244	383	43	622	296	24	416	159	24	365	369	494	119	258	684	436	490	229	30	469	463	522	2	504	393	761	405	268	207	105	729	375	2358	34	134	484	64	632	266	678	173	12	41	367	132	455	252	326	58	49	243	209	1098
A[T>A]T	269	135	144	642	293	8	351	222	149	248	216	657	745	76	117	500	320	314	26	234	163	76	363	1024	211	298	353	267	199	294	469	199	245	70	361	150	33	355	100	73	376	287	428	158	260	497	415	416	352	37	353	396	420	12	259	338	552	317	272	212	165	566	299	1174	84	148	373	103	531	342	427	162	17	37	225	158	333	215	269	80	82	181	246	717
A[T>C]A	603	182	195	2085	1040	6	961	499	391	592	781	1724	1987	196	443	1391	654	590	63	637	271	91	1496	2909	668	1041	1038	418	724	367	1087	691	941	101	933	367	74	1149	177	111	1365	1143	1274	342	821	1447	1243	1205	735	75	1159	1661	1351	22	619	1078	1682	1303	690	630	267	1764	550	1854	113	183	1474	136	1238	756	1123	485	41	77	388	406	1002	846	785	124	116	504	835	2747
A[T>C]C	102	82	64	337	168	4	165	100	62	99	132	383	348	39	100	237	99	124	20	125	111	23	204	519	113	185	195	93	101	147	261	109	145	34	171	68	23	222	33	61	222	177	265	64	173	219	285	195	165	16	201	243	254	5	127	155	297	225	136	101	88	280	115	297	38	82	210	45	206	129	129	95	8	27	103	106	161	137	124	34	61	114	172	327
A[T>C]G	391	117	114	1486	641	5	591	348	142	365	503	1046	1268	145	278	844	452	406	37	467	207	50	799	1798	441	624	648	309	435	237	684	504	525	59	601	273	33	671	122	71	717	684	811	215	537	1401	732	701	486	50	771	979	849	6	451	728	1036	799	419	386	156	1119	369	1198	86	131	915	86	772	530	669	333	16	53	268	261	641	610	600	72	73	336	581	1625
A[T>C]T	327	174	148	1076	470	8	605	293	195	290	400	998	953	108	249	675	293	327	66	369	301	96	705	1306	374	560	555	283	389	303	607	392	506	102	443	196	79	596	145	83	750	569	695	186	437	747	788	621	509	54	566	826	713	12	334	585	844	672	434	303	237	872	300	823	109	219	632	139	612	461	488	290	43	52	217	285	454	429	371	101	109	282	545	1192
A[T>G]A	123	35	25	250	126	4	113	82	41	85	81	227	232	31	43	155	94	101	13	86	49	14	142	336	72	151	143	113	80	93	146	73	113	19	104	63	10	129	28	35	203	128	177	31	99	204	321	133	91	12	138	176	151	2	84	113	240	157	90	55	67	173	66	260	21	44	229	35	122	98	105	70	5	11	59	59	98	79	78	15	28	58	95	257
A[T>G]C	41	16	14	63	34	0	54	43	15	27	30	81	83	10	21	47	18	34	5	46	34	15	44	144	19	48	60	33	23	121	60	29	40	8	22	19	9	62	3	93	50	48	60	19	36	59	56	49	42	3	51	40	58	0	36	37	54	50	44	22	33	58	28	61	18	32	48	14	42	41	32	29	7	9	21	29	30	23	24	7	14	29	41	69
A[T>G]G	81	46	42	195	85	2	134	50	40	78	82	255	243	18	46	160	68	83	8	85	73	13	142	341	64	95	131	87	55	96	171	79	108	16	119	64	5	118	26	31	105	121	150	33	100	176	174	160	74	6	128	172	139	0	107	123	207	149	86	70	45	194	73	443	31	71	125	28	161	87	105	70	9	10	87	63	120	68	74	12	14	65	71	258
A[T>G]T	77	60	49	192	84	5	111	52	33	41	58	245	311	22	41	135	58	58	8	134	73	20	92	358	88	119	157	74	59	1078	128	66	100	29	55	40	16	115	18	551	153	114	117	29	72	127	123	105	128	12	93	102	151	0	85	101	146	108	81	75	72	130	67	141	31	81	128	32	116	100	71	55	6	8	63	76	66	73	73	18	26	148	99	122
C[C>A]A	2273	148	239	5792	2001	6	1512	873	1325	2174	1965	3059	6091	467	303	4484	3355	3210	33	873	218	37	2508	7349	799	1556	2042	1717	832	817	2237	1261	2299	49	3998	1445	24	1597	745	56	1354	1864	2376	508	1545	2821	1737	2031	1148	44	3005	2598	1818	4	2830	1845	2657	1575	1066	739	292	3458	2075	13118	110	476	2446	124	2776	1162	4205	543	22	54	1911	539	1668	1075	1429	80	56	1009	564	6061
C[C>A]C	2047	134	184	4743	1497	4	1129	760	969	1869	1680	2533	5121	460	227	3872	3202	2776	13	559	171	31	2085	6214	598	1124	1744	1466	635	646	1841	949	1837	53	3614	1433	22	1182	602	30	1027	1459	2068	346	1128	2208	1480	1478	555	18	2508	1900	1388	6	2764	1442	2138	1204	713	537	220	2698	1732	12729	73	245	1799	65	2235	743	3568	414	12	52	2030	321	1485	823	1066	68	42	883	407	4934
C[C>A]G	545	26	39	1150	423	2	306	211	243	505	392	671	1324	119	75	933	782	677	5	145	36	4	568	1383	178	333	385	354	183	154	396	230	429	14	951	360	5	287	148	5	282	345	441	134	266	638	306	409	223	5	578	488	368	3	665	355	573	317	210	161	39	718	425	3480	13	58	458	9	633	186	917	122	1	8	529	101	377	252	305	17	9	241	125	1219
C[C>A]T	1952	122	240	4336	1495	7	1067	721	1031	1846	1543	2337	5097	386	243	3804	2956	2789	25	613	206	34	1763	6257	582	1073	1565	1390	671	641	1758	986	1854	62	3323	1185	15	1115	607	48	972	1408	1977	368	1066	2135	1310	1392	763	24	2561	1964	1440	9	2355	1352	2014	1193	734	544	251	2668	1828	12544	82	297	1819	77	2107	862	3417	451	12	34	1760	362	1341	717	973	50	48	822	391	4587
C[C>G]A	297	64	83	1097	380	3	299	161	107	310	354	977	1136	83	67	655	553	406	8	207	134	14	507	1281	164	329	524	254	175	153	566	226	425	15	527	264	8	346	85	10	379	420	446	108	324	551	465	363	194	21	500	586	387	1	436	350	568	384	186	162	135	677	319	1382	46	80	456	37	606	238	526	129	3	17	323	161	388	210	244	19	16	146	146	1113
C[C>G]C	251	58	54	723	258	0	266	127	88	212	242	635	833	79	60	533	413	292	7	178	128	6	462	899	128	254	375	192	129	108	428	187	282	23	437	206	8	277	78	15	240	293	393	85	237	470	358	340	129	13	396	425	280	4	377	279	459	289	171	123	91	542	212	1302	48	86	321	36	457	167	411	121	7	10	299	104	259	174	212	20	17	124	118	836
C[C>G]G	105	26	14	333	135	1	135	64	42	96	135	293	331	32	37	218	170	133	7	76	39	4	207	381	45	115	189	76	54	50	188	64	148	6	190	76	1	127	32	2	95	107	165	32	91	177	200	171	72	4	113	191	146	1	172	118	187	114	66	78	19	235	81	565	18	30	149	8	191	80	173	53	3	1	122	54	95	75	86	5	4	48	48	344
C[C>G]T	280	88	94	980	321	1	276	193	140	260	363	946	965	92	90	615	464	400	16	228	183	22	534	1354	163	308	468	225	152	164	548	247	366	35	468	225	13	335	82	26	346	388	410	131	305	546	473	417	182	21	488	565	407	4	435	385	562	384	237	183	178	658	292	1291	57	158	402	63	486	237	494	146	11	18	286	186	325	200	225	28	30	147	195	984
C[C>T]A	737	191	175	1887	670	6	667	421	378	656	674	1614	2224	253	248	1274	931	783	50	504	250	73	992	2972	371	707	864	844	425	555	856	490	737	98	1015	499	34	708	219	141	629	860	812	337	612	1086	760	864	685	72	908	1354	885	12	931	747	1143	742	606	373	496	1265	670	2375	111	223	894	137	924	534	1030	287	47	77	637	318	780	487	593	101	89	400	379	1764
C[C>T]C	488	122	112	1366	462	10	570	349	249	448	477	1183	1597	182	207	861	709	597	41	343	174	34	830	1915	301	525	542	463	282	351	522	335	522	100	771	449	32	563	189	87	482	553	562	178	448	775	517	607	455	46	661	848	633	8	719	571	855	558	450	285	255	917	487	2008	93	172	612	118	704	379	732	214	28	50	499	214	590	371	431	92	88	305	292	1151
C[C>T]G	254	296	149	517	268	29	278	266	105	253	287	623	636	101	170	398	279	251	95	210	238	207	322	698	178	223	310	206	199	245	283	203	223	129	291	210	46	293	100	73	282	290	294	181	200	967	297	348	260	95	301	403	291	27	297	307	337	236	190	165	214	386	237	609	170	234	292	148	374	211	287	170	88	168	192	241	316	475	247	163	160	183	173	514
C[C>T]T	703	149	175	2404	687	12	706	478	396	672	627	1586	2272	223	238	1339	1074	879	48	466	237	58	1218	3071	380	653	889	660	425	403	965	478	751	79	1144	586	47	769	238	86	617	820	811	268	569	1074	843	908	554	66	977	1327	984	11	974	839	1302	716	543	382	367	1343	669	2863	126	230	950	142	959	522	1156	271	33	63	703	291	775	502	568	111	81	380	369	1900
C[T>A]A	406	68	79	1200	403	2	452	228	267	466	364	1025	1397	132	74	829	570	529	16	161	62	21	621	1568	215	425	422	338	259	193	549	252	437	20	657	288	7	438	133	15	451	455	650	97	346	817	488	502	244	16	552	677	568	2	528	396	991	483	309	180	108	903	372	2758	24	87	512	42	606	310	676	177	5	9	383	112	490	244	369	41	22	282	205	1309
C[T>A]C	319	55	85	814	268	6	296	181	165	313	268	805	1083	103	58	624	458	350	11	165	99	13	435	1176	139	278	386	296	160	311	419	203	307	32	477	242	17	355	99	106	255	342	398	83	229	547	370	370	188	10	415	410	398	3	467	309	607	323	180	150	82	604	284	2330	31	126	352	43	486	207	455	167	12	34	334	130	340	186	248	42	22	266	132	861
C[T>A]G	751	64	97	1941	598	5	584	409	451	704	637	1567	2557	201	134	1484	1111	876	14	253	90	24	1064	2515	290	590	748	576	354	355	811	411	724	24	1266	624	12	645	245	60	626	670	929	149	536	1229	615	740	273	15	967	784	738	5	1132	607	1402	670	397	333	123	1391	679	6048	46	127	853	36	1149	357	1247	323	9	23	745	149	835	413	533	54	28	540	259	2036
C[T>A]T	360	60	113	1107	354	2	556	219	213	363	371	1160	1301	95	74	738	486	412	14	189	170	43	577	1398	200	403	535	338	240	602	626	292	459	24	589	255	16	450	111	108	445	475	613	98	370	745	616	467	217	32	563	655	500	4	539	388	862	482	300	240	108	792	362	2430	44	141	471	42	738	328	568	221	13	40	354	146	410	241	371	42	32	370	218	1123
C[T>C]A	247	87	66	1155	450	4	423	194	198	254	338	931	1103	72	154	625	308	247	21	252	83	47	716	1502	268	467	459	219	289	250	520	314	416	40	453	172	18	454	83	125	637	517	581	118	425	764	597	536	335	15	532	845	601	5	331	452	811	655	292	238	108	811	241	1124	46	89	620	55	524	274	453	232	24	24	211	168	457	370	393	37	36	279	349	1266
C[T>C]C	135	78	76	445	173	3	196	105	81	129	149	463	576	45	59	273	156	145	16	130	121	30	251	655	124	191	250	134	111	684	339	133	234	50	220	100	17	206	34	328	200	237	315	72	230	482	376	201	169	15	277	290	239	7	206	207	293	315	139	91	115	323	152	498	46	120	261	46	198	154	188	135	10	30	165	101	177	227	147	29	37	216	181	395
C[T>C]G	247	80	56	1111	418	4	337	243	128	263	299	761	1013	68	151	637	374	287	6	261	97	23	565	1203	238	413	384	209	252	523	411	306	347	36	388	248	16	379	78	227	484	429	527	116	352	830	528	449	233	24	498	654	504	5	362	380	675	512	285	214	112	768	253	1056	49	99	538	35	464	272	436	195	9	35	250	136	373	326	343	33	37	301	285	1085
C[T>C]T	214	108	83	836	309	4	352	149	129	169	245	781	962	33	103	423	198	180	19	223	179	37	539	1028	221	368	490	189	258	1772	423	231	423	39	275	161	19	344	55	435	461	387	461	90	343	494	516	419	238	22	382	606	426	7	307	352	604	449	263	176	128	507	211	629	54	121	388	50	433	260	279	170	11	26	180	180	294	291	242	34	49	458	324	831
C[T>G]A	56	21	29	195	76	0	87	45	30	55	66	203	206	17	39	109	66	71	6	69	42	12	150	228	49	96	99	70	38	86	115	58	81	11	50	32	5	82	21	47	116	90	152	35	69	155	145	123	71	2	109	166	126	0	70	78	184	101	86	57	35	132	57	210	15	27	106	14	103	64	70	60	1	7	52	34	67	67	72	8	14	51	45	187
C[T>G]C	47	35	17	159	64	1	66	25	15	48	46	189	193	15	38	81	40	43	6	60	50	7	73	220	42	59	122	56	35	312	102	44	93	16	59	29	7	87	22	154	65	77	100	25	63	129	126	84	63	2	61	81	90	0	62	80	106	87	48	32	48	116	51	139	15	38	82	19	72	51	63	53	4	8	59	37	66	57	51	15	16	101	47	144
C[T>G]G	137	44	43	421	170	0	139	75	47	125	138	440	454	30	43	298	175	155	10	122	85	10	283	552	85	150	223	96	88	235	246	122	133	20	199	84	8	175	49	101	165	198	208	42	133	292	213	229	88	3	228	252	177	2	172	159	333	197	120	61	58	280	150	704	32	64	211	26	237	110	188	84	7	11	151	77	182	118	125	23	19	97	86	432
C[T>G]T	143	81	73	665	94	1	151	73	45	49	97	319	908	22	57	187	76	75	15	114	122	59	189	724	92	123	407	91	54	3899	165	69	292	26	104	59	22	166	53	1144	143	150	172	32	127	168	217	165	127	7	132	209	159	2	344	153	195	138	109	62	141	158	138	183	55	113	181	54	127	116	125	78	9	18	94	57	116	172	97	18	33	1021	120	237
G[C>A]A	1273	160	373	2896	1230	9	800	497	596	1171	994	1518	2928	246	257	2388	1869	1608	29	773	210	41	1359	3490	494	853	1034	893	555	474	1252	681	1227	114	2044	792	22	959	404	49	749	1023	1192	381	831	1485	1004	1196	1051	19	1516	1412	1075	9	1426	1067	1320	805	780	466	289	1829	1079	6095	89	663	1280	118	1555	686	2142	293	18	52	1129	366	860	608	757	78	59	539	375	3076
G[C>A]C	1099	110	123	2708	971	7	591	417	517	1022	974	1233	2607	233	136	2126	1637	1419	21	415	121	27	1110	3124	380	705	991	829	364	389	1033	574	1069	50	1930	761	20	685	307	24	586	802	1171	226	665	1184	874	834	527	22	1408	1053	890	4	1389	844	1158	664	483	342	132	1385	938	5676	70	192	1107	58	1180	569	1751	204	12	42	1083	193	799	537	604	53	37	463	307	2573
G[C>A]G	383	27	32	922	347	1	235	156	166	344	338	440	820	96	81	626	543	471	3	136	29	6	444	956	168	237	296	200	149	143	355	161	362	9	677	280	4	298	105	8	232	257	352	84	198	408	256	330	198	15	404	323	306	0	453	293	411	229	205	142	36	593	275	2033	11	54	342	14	568	178	655	79	6	11	378	82	359	207	242	20	13	152	106	912
G[C>A]T	870	123	237	2053	833	9	526	357	383	771	701	991	2075	174	169	1568	1263	1109	20	485	164	25	825	2420	314	471	676	655	350	339	891	454	841	67	1402	499	10	569	260	36	551	667	862	224	550	907	670	739	633	18	1121	937	680	8	1036	639	867	567	479	294	190	1155	800	4159	59	412	848	62	906	471	1409	221	11	38	769	249	570	415	488	52	44	311	250	2011
G[C>G]A	229	37	40	875	330	6	202	125	118	206	244	500	798	59	62	496	407	306	4	134	72	6	364	837	128	194	332	152	102	89	363	179	317	15	355	186	4	229	77	6	246	284	356	79	247	331	321	285	180	8	375	434	287	4	355	250	379	272	166	105	71	541	198	991	32	62	363	25	383	163	393	81	4	6	206	77	226	148	188	11	12	97	103	832
G[C>G]C	183	39	35	625	223	5	184	144	116	189	233	438	658	68	56	423	342	264	5	140	72	15	310	823	93	217	244	193	97	113	311	140	246	23	397	171	9	206	65	6	199	238	265	73	183	356	237	257	115	8	361	345	284	1	303	242	348	225	121	89	79	477	193	921	22	67	296	27	285	156	347	85	5	6	192	65	239	145	164	12	14	85	122	678
G[C>G]G	94	14	8	282	85	1	95	46	42	86	93	206	285	25	18	164	160	112	3	35	19	8	171	278	35	58	100	58	41	44	123	50	118	5	150	77	1	94	22	2	91	90	130	21	73	142	152	110	42	4	136	123	75	1	107	86	145	70	54	45	13	211	73	451	2	15	93	1	141	58	162	24	2	1	74	32	105	69	80	2	3	31	28	301
G[C>G]T	173	67	58	582	217	2	173	116	103	146	207	537	642	60	41	363	339	259	11	118	97	11	270	763	96	179	264	176	103	113	364	147	226	31	265	134	6	188	56	8	210	221	318	78	187	296	312	242	108	14	315	349	240	2	279	242	275	211	109	76	98	389	174	715	31	77	287	35	256	163	341	83	7	11	207	116	197	125	143	16	16	75	112	623
G[C>T]A	348	170	141	1190	512	6	394	269	176	298	350	924	981	146	219	563	367	389	35	355	204	67	567	1437	313	556	504	404	311	308	636	309	433	130	443	219	42	574	133	132	450	452	480	248	386	622	525	598	550	60	573	657	570	10	424	560	653	467	424	261	353	671	372	1179	110	221	651	136	634	414	469	201	31	58	284	237	446	342	362	108	96	246	354	1066
G[C>T]C	289	150	107	845	337	12	304	255	126	238	299	651	726	110	167	481	372	343	35	277	132	52	503	979	254	347	413	279	234	249	475	220	312	97	376	203	29	366	117	105	385	335	378	189	295	501	414	420	412	42	419	412	415	14	366	424	495	317	306	192	233	527	283	1034	101	214	452	99	465	330	433	141	32	60	282	184	384	303	283	106	86	174	304	687
G[C>T]G	223	379	173	411	231	45	307	244	69	246	242	469	434	82	191	303	290	211	109	238	231	239	233	590	222	239	268	246	200	203	271	238	218	167	217	168	83	276	107	103	296	232	254	179	227	740	262	323	326	109	222	255	243	18	206	283	268	230	220	146	216	309	223	441	212	272	272	201	355	218	270	153	112	162	150	254	284	418	291	218	237	122	355	365
G[C>T]T	283	137	106	1003	394	11	331	236	184	306	329	672	841	128	157	563	426	378	38	294	159	65	498	1219	246	359	410	280	220	261	516	250	328	79	442	206	33	425	127	61	319	363	374	138	302	548	446	442	373	43	458	473	522	9	368	439	527	327	329	241	231	569	295	1002	98	187	519	76	503	350	438	137	37	51	272	223	341	291	284	106	70	158	309	823
G[T>A]A	292	36	54	787	306	3	301	174	164	274	268	692	873	100	67	535	376	324	5	120	60	10	427	1121	148	298	323	213	173	128	384	189	273	12	439	213	2	311	84	13	328	305	414	95	227	565	369	368	183	9	353	427	399	2	335	289	584	311	201	171	56	601	238	1785	19	52	391	24	483	184	468	123	3	21	231	91	357	197	273	30	9	195	164	837
G[T>A]C	144	42	45	305	105	1	111	75	66	115	115	297	376	53	34	232	165	136	5	92	59	15	159	408	58	113	137	116	80	130	147	89	128	23	187	94	14	152	44	24	110	123	194	41	123	193	150	170	76	8	148	135	157	2	155	143	241	139	92	75	48	244	111	703	23	65	169	26	173	97	217	59	3	19	129	63	150	67	98	23	19	96	72	290
G[T>A]G	359	50	48	1000	326	4	328	249	209	331	310	772	1166	122	83	739	537	421	8	167	82	13	516	1255	201	330	371	274	210	154	431	256	344	16	540	272	9	359	116	30	319	330	533	94	278	638	359	389	224	13	491	480	447	5	501	332	757	364	228	206	62	715	325	2382	27	66	425	34	607	199	583	171	10	21	351	117	452	238	309	26	12	240	164	996
G[T>A]T	186	54	60	562	205	2	248	150	118	179	187	577	592	66	52	394	242	223	11	117	94	19	325	719	121	209	251	171	141	194	370	151	219	19	288	144	11	252	66	37	235	231	342	56	190	363	357	303	139	15	300	304	277	3	232	223	462	246	185	160	76	432	183	1058	34	92	261	38	337	184	313	134	7	25	219	110	275	164	219	39	22	160	124	516
G[T>C]A	220	106	82	1031	504	8	380	211	167	242	322	759	867	98	204	529	256	246	24	306	147	50	555	1331	355	485	443	210	279	205	448	343	430	52	338	173	39	452	70	50	618	463	578	147	425	619	580	463	408	36	538	769	615	6	274	457	657	608	308	286	136	795	251	803	45	112	680	70	525	312	432	183	18	38	191	170	421	363	304	69	70	222	442	1089
G[T>C]C	76	68	49	242	114	5	131	96	46	87	102	242	247	35	59	167	103	80	16	111	81	25	137	442	105	108	160	108	62	179	216	103	108	38	114	60	23	140	35	56	169	122	168	71	134	174	201	137	129	16	146	165	164	3	95	145	204	196	92	71	86	198	86	335	47	65	138	42	112	88	139	85	17	26	81	83	142	102	101	44	42	83	163	238
G[T>C]G	155	81	52	724	331	0	246	156	80	152	213	557	598	65	127	410	203	170	12	220	120	33	347	864	187	285	297	142	180	169	388	272	274	37	253	145	12	320	65	74	333	298	477	111	291	1723	390	316	219	20	431	500	388	7	226	316	518	421	242	218	113	518	173	530	41	80	456	31	382	311	277	135	11	26	139	99	353	616	458	44	43	158	267	721
G[T>C]T	177	116	79	663	293	7	297	164	92	151	189	619	533	83	150	348	173	164	23	205	143	54	422	837	237	330	313	162	215	285	366	199	251	66	231	125	53	343	67	58	389	307	432	110	285	417	456	355	339	26	348	497	413	11	194	324	429	394	242	178	130	469	188	419	83	114	338	73	404	269	257	174	27	40	131	165	280	221	254	74	82	185	331	564
G[T>G]A	43	14	16	134	52	0	63	45	26	39	48	146	147	14	17	72	39	37	3	43	42	5	86	182	22	60	67	37	31	38	82	42	36	11	46	17	4	66	19	11	85	51	74	21	48	83	100	84	31	10	68	96	80	1	49	83	127	66	31	21	16	123	42	134	12	41	58	14	59	41	56	32	1	3	35	25	51	43	36	6	10	29	39	128
G[T>G]C	22	13	14	62	29	0	27	26	12	25	29	75	72	6	9	45	24	31	2	36	28	12	39	103	20	30	37	25	14	90	48	25	33	7	26	16	5	28	9	30	37	39	45	15	35	36	52	47	25	4	35	47	38	0	30	32	54	32	31	12	20	45	28	73	8	30	42	11	33	22	31	28	3	8	22	14	18	31	24	2	5	38	19	71
G[T>G]G	89	31	40	218	132	3	147	56	47	85	119	334	325	34	25	203	92	94	5	88	74	15	199	387	55	83	130	95	74	112	167	63	123	17	136	78	7	113	32	29	124	111	168	41	98	301	200	153	79	5	141	133	160	6	131	135	222	154	91	63	48	200	106	568	23	65	147	16	140	101	132	69	11	11	132	51	159	101	106	16	20	55	55	257
G[T>G]T	59	46	60	190	67	2	76	49	27	36	49	185	323	22	29	113	40	51	8	66	86	22	67	321	54	58	167	57	32	1083	96	48	122	20	56	35	9	77	21	307	69	82	120	23	62	79	126	107	67	9	83	101	99	2	86	87	107	87	56	34	71	87	45	126	26	81	86	18	72	69	57	57	7	12	68	54	62	80	55	10	14	227	60	129
T[C>A]A	1537	184	631	3584	1417	9	1016	620	789	1408	1505	4268	3520	301	314	2869	1897	1972	32	896	421	69	1536	4880	620	1025	1664	1174	716	892	1845	937	1571	126	2404	790	31	1281	442	84	972	1390	1573	688	1059	2019	1159	1456	907	148	1894	1619	1501	13	1534	1432	2018	1063	838	610	917	2391	1488	7288	115	636	1685	170	1988	852	2627	407	18	63	1056	586	1662	711	982	93	77	666	505	4084
T[C>A]C	1527	189	343	3805	1447	15	958	638	743	1570	1511	3140	3817	361	292	3048	2207	2239	37	669	300	66	1622	4913	568	1100	1510	1172	618	623	1685	995	1635	122	2724	996	20	1109	546	61	975	1322	1733	426	1055	1988	1256	1391	758	72	2166	1616	1394	8	1885	1366	1838	1012	735	580	474	2341	1472	8090	114	416	1632	140	1958	787	2704	407	20	55	1253	405	1409	786	919	100	82	710	474	4346
T[C>A]G	239	28	55	583	233	0	184	117	126	233	210	561	604	61	72	456	356	320	7	131	52	11	295	672	127	177	251	184	135	108	294	162	258	21	449	151	7	207	98	13	161	204	264	95	188	342	194	261	174	10	271	260	224	2	324	228	287	162	147	120	76	402	221	1407	20	74	297	15	382	166	471	69	2	8	226	56	294	168	166	16	12	120	89	688
T[C>A]T	1618	296	579	3482	1502	8	1174	662	815	1598	1450	3396	3896	302	367	3125	2134	2247	44	1050	438	97	1567	5134	638	1119	1545	1242	733	804	1841	955	1601	155	2600	882	42	1285	488	122	986	1290	1655	608	1060	2137	1293	1684	1264	67	2025	1850	1467	10	1674	1468	1901	1028	920	668	658	2502	1692	8668	157	830	1659	215	2156	978	2762	468	15	68	1223	630	1410	767	960	127	137	690	557	4154
T[C>G]A	514	244	1444	2602	569	2	435	747	198	667	2176	13880	1632	916	185	889	661	1161	11	1059	1138	52	577	6228	296	449	2569	1389	443	2404	2195	1076	1201	102	595	282	21	964	131	36	1159	1292	743	1812	1045	2652	643	970	408	555	838	1168	1717	5	581	1366	1385	652	393	362	3219	971	1512	1437	107	271	743	224	1066	427	1052	527	13	109	307	2144	3317	300	281	68	47	188	729	2567
T[C>G]C	353	154	352	1183	404	3	355	306	180	331	690	3151	1090	272	117	651	530	513	13	424	345	40	503	2296	210	355	894	488	237	532	844	406	582	56	439	240	16	488	92	22	538	593	538	467	484	1019	463	497	231	109	542	645	634	2	488	583	754	398	263	210	763	768	497	1236	64	171	482	87	655	300	580	273	10	38	288	586	870	209	294	41	26	146	311	1277
T[C>G]G	90	20	93	265	87	1	75	62	31	75	148	675	247	44	20	151	97	95	1	76	87	5	118	421	49	54	172	124	56	158	218	66	114	4	94	46	0	90	26	1	115	113	119	109	80	193	124	108	52	12	109	127	110	0	105	107	178	81	48	40	129	150	91	324	11	21	95	5	125	41	136	41	1	12	58	102	182	42	58	8	3	32	64	311
T[C>G]T	677	356	1710	3052	735	7	586	925	266	949	2480	16558	2090	1015	269	1262	826	1424	36	1334	1508	114	889	6966	436	728	2784	1546	609	2647	2584	1275	1243	129	772	381	27	1085	164	58	1478	1603	1034	2173	1211	2854	835	1275	573	717	1045	1452	1800	8	876	1793	1961	886	633	474	3543	1223	1656	1732	166	464	1058	371	1334	619	1185	761	31	138	450	2369	3539	441	456	105	83	277	874	3135
T[C>T]A	1076	369	1544	3805	745	15	654	1323	310	1336	2207	13609	3328	1186	420	1238	766	1472	78	2558	1542	133	1035	8150	518	715	3930	5203	704	5341	2323	1402	1245	199	939	384	49	1635	233	206	1054	1461	856	3302	1126	2914	724	1627	963	797	1030	1333	2524	6	905	2050	1940	671	915	642	6523	1253	2942	1616	252	462	1191	581	1641	738	1383	724	67	263	468	2753	5096	599	643	259	196	392	867	3213
T[C>T]C	606	233	360	1673	540	12	535	586	234	578	734	3431	1856	414	280	856	667	702	75	808	504	103	757	3011	379	546	1182	1395	380	1277	877	588	680	176	739	376	40	829	166	157	606	732	585	832	557	1178	631	786	625	171	702	772	1025	14	799	866	1000	496	529	372	1464	866	857	1542	181	298	705	260	805	506	808	337	35	119	397	761	1328	471	447	166	120	311	431	1479
T[C>T]G	212	210	236	494	163	23	182	239	59	232	315	1759	579	183	121	279	155	184	71	291	287	133	175	903	120	147	478	483	174	696	295	219	202	86	187	103	42	305	60	56	264	204	201	462	157	631	177	272	221	128	150	213	322	23	208	295	330	145	181	143	762	225	328	330	135	182	208	155	289	182	227	124	67	124	127	447	687	241	154	135	153	107	195	479
T[C>T]T	811	257	804	2821	698	12	632	930	347	996	1225	7329	2693	692	320	1233	913	1031	65	1487	943	127	967	5438	454	668	2276	2972	507	2945	1448	858	876	185	933	465	50	1298	205	139	795	1042	690	1722	747	1731	732	1254	722	416	907	946	1643	13	938	1401	1544	603	690	519	3481	1222	1767	2034	205	347	1011	408	1215	613	1166	495	60	178	563	1479	2790	527	580	198	169	371	599	2297
T[T>A]A	340	96	129	957	457	5	531	220	205	342	298	971	1034	84	105	671	415	392	18	244	135	45	615	1301	217	464	475	322	295	213	519	287	353	56	485	203	23	481	117	43	536	472	630	156	356	753	561	563	367	21	498	705	655	4	396	395	989	479	365	263	141	850	330	2038	45	135	533	61	751	317	558	196	21	16	244	156	495	283	369	74	67	253	284	1155
T[T>A]C	203	55	54	388	166	3	229	90	100	150	133	467	507	52	51	301	201	192	11	146	85	20	261	643	112	214	217	143	119	157	271	133	184	30	252	112	12	234	55	46	177	195	237	52	174	330	266	222	180	16	240	279	313	0	225	179	371	198	143	124	74	307	172	1004	33	93	266	28	331	194	268	122	3	29	155	95	237	115	153	27	19	126	125	486
T[T>A]G	306	42	40	824	303	3	253	187	163	284	280	596	877	80	84	590	337	339	6	152	59	12	388	1039	165	295	316	219	170	158	352	212	297	22	432	202	8	339	77	22	283	339	396	75	224	496	328	368	184	14	393	438	400	0	401	266	596	317	178	161	72	542	272	2076	25	68	426	30	511	230	521	155	7	17	269	101	356	173	216	26	19	215	141	809
T[T>A]T	281	69	148	848	336	5	552	171	172	275	277	942	806	79	116	551	307	320	16	270	191	35	498	1032	232	364	480	283	229	354	628	257	366	36	395	142	19	450	98	127	410	386	566	105	347	615	578	500	369	21	462	518	620	3	325	381	755	376	341	235	132	720	313	1335	61	176	442	85	570	371	434	230	15	42	222	172	395	249	337	57	47	230	253	862
T[T>C]A	263	113	113	1041	482	7	439	233	209	230	332	798	879	95	191	577	307	266	36	301	138	50	609	1314	341	541	526	218	316	237	528	331	436	49	367	188	33	513	77	107	659	517	611	173	487	661	831	517	456	41	516	1045	694	6	290	489	782	630	342	268	127	760	254	711	68	93	796	89	577	304	448	227	22	35	174	164	398	376	358	44	76	252	465	1170
T[T>C]C	125	85	92	306	158	4	166	80	57	94	121	382	348	41	79	211	124	106	23	146	114	38	160	524	110	171	196	111	128	297	274	108	177	50	140	68	23	194	33	179	212	204	259	62	212	222	341	182	175	18	208	273	245	5	136	199	275	280	143	98	88	242	118	303	57	75	222	47	184	130	136	122	13	27	87	101	134	128	116	41	47	96	195	352
T[T>C]G	139	45	39	594	284	3	261	159	62	121	187	426	473	58	127	329	152	137	12	199	106	23	258	714	171	259	266	118	175	171	349	219	295	34	227	127	30	306	42	92	303	351	484	98	295	2416	362	267	239	30	426	538	380	3	183	261	465	352	240	248	87	479	129	412	36	74	362	32	327	324	251	150	8	16	101	90	236	716	578	30	37	132	225	639
T[T>C]T	220	109	111	648	321	6	420	164	112	168	251	713	669	68	172	380	179	179	26	269	163	70	463	942	241	402	337	196	242	399	437	225	294	69	215	136	38	388	69	198	543	419	501	122	352	469	574	438	370	31	371	660	492	7	193	341	536	500	322	224	138	536	206	436	77	124	428	79	418	288	283	210	12	43	128	208	277	247	266	61	84	214	404	761
T[T>G]A	86	36	39	286	134	2	184	70	39	94	106	314	259	28	55	146	84	84	7	91	62	20	149	382	104	125	187	112	88	122	210	99	132	24	96	36	11	157	28	60	204	180	240	46	152	225	423	143	151	11	110	248	192	1	89	141	285	172	105	73	76	213	80	218	21	50	270	34	161	106	94	83	11	11	63	78	119	85	117	22	25	46	128	299
T[T>G]C	35	37	30	128	58	1	82	38	31	39	42	170	164	30	34	83	40	45	5	82	54	19	82	199	60	78	108	60	51	214	89	47	65	20	51	31	5	89	20	172	105	86	96	24	77	99	113	88	74	5	80	98	122	1	53	78	114	90	51	40	46	99	41	98	31	48	85	23	80	59	58	64	3	7	36	44	69	54	43	15	15	47	81	93
T[T>G]G	133	44	49	345	137	2	149	80	70	130	131	412	434	39	46	242	143	100	11	137	99	21	204	462	76	127	200	127	81	141	222	103	160	13	148	81	13	172	38	85	188	177	221	47	146	245	288	186	121	11	186	247	208	2	148	171	304	219	145	83	68	266	107	568	28	60	180	36	200	96	164	93	12	10	129	79	165	93	110	17	13	88	104	370
T[T>G]T	180	113	87	480	182	5	264	109	80	101	146	450	655	51	98	276	113	144	26	204	177	66	249	726	145	229	352	169	131	2097	263	135	233	55	125	91	17	232	53	1497	281	211	300	81	192	323	384	255	241	20	194	277	316	3	168	227	371	226	203	136	166	299	144	278	69	176	302	98	228	233	161	158	14	23	118	163	189	186	167	58	47	316	219	356
