Samples	SBS96A	SBS96B	SBS96C	SBS96D
LUAD.US_SP50827	4.91E+01	6.80E+01	4.32E+01	8.69E+00
LUAD.US_SP50263	1.58E+01	2.27E+01	2.22E+01	4.39E+00
LUAD.US_SP50317	1.49E+01	2.65E+01	2.57E+01	5.12E+00
LUAD.US_SP54113	1.26E+02	1.75E+02	1.22E+02	1.86E+01
LUSC.US_SP56537	5.72E+01	7.39E+01	5.33E+01	7.23E+00
LUAD.US_SP50406	1.83E+00	2.18E+00	1.88E+00	8.13E-01
LUSC.US_SP57586	5.18E+01	6.59E+01	5.70E+01	8.55E+00
LUAD.US_SP51824	2.69E+01	3.99E+01	3.33E+01	5.21E+00
LUAD.US_SP55387	2.83E+01	3.77E+01	2.30E+01	4.69E+00
LUAD.US_SP52779	4.60E+01	6.28E+01	4.33E+01	7.84E+00
LUSC.US_SP56541	4.65E+01	6.93E+01	5.03E+01	8.59E+00
LUSC.US_SP56553	9.81E+01	1.91E+02	1.91E+02	3.61E+01
LUAD.US_SP55235	1.35E+02	1.77E+02	1.20E+02	2.06E+01
LUAD.US_SP50713	1.45E+01	2.19E+01	1.95E+01	3.39E+00
LUSC.US_SP56771	2.06E+01	2.82E+01	2.54E+01	3.80E+00
LUSC.US_SP57941	9.61E+01	1.29E+02	8.05E+01	1.42E+01
LUAD.US_SP50611	7.01E+01	9.87E+01	5.68E+01	1.09E+01
LUSC.US_SP57818	5.95E+01	8.68E+01	5.85E+01	1.01E+01
LUAD.US_SP50485	5.11E+00	6.90E+00	6.29E+00	2.17E+00
LUSC.US_SP56460	3.06E+01	4.87E+01	4.24E+01	8.12E+00
LUSC.US_SP56474	1.65E+01	3.31E+01	3.18E+01	6.47E+00
LUAD.US_SP51037	6.87E+00	1.16E+01	1.06E+01	3.65E+00
LUSC.US_SP56704	7.35E+01	9.56E+01	6.95E+01	1.04E+01
LUAD.US_SP55142	1.56E+02	2.49E+02	1.82E+02	2.57E+01
LUSC.US_SP56533	3.18E+01	4.37E+01	3.55E+01	5.40E+00
LUSC.US_SP56730	5.25E+01	6.44E+01	5.59E+01	7.86E+00
LUSC.US_SP59245	4.76E+01	8.22E+01	7.03E+01	1.23E+01
LUAD.US_SP53387	3.74E+01	5.98E+01	5.50E+01	9.41E+00
LUSC.US_SP57024	3.24E+01	4.60E+01	3.78E+01	4.73E+00
LUAD.US_SP54745	3.37E+01	0.00E+00	4.76E+01	4.21E+01
LUSC.US_SP57933	6.27E+01	9.64E+01	7.25E+01	1.01E+01
LUSC.US_SP56754	3.46E+01	5.24E+01	4.00E+01	5.94E+00
LUSC.US_SP56827	5.21E+01	7.00E+01	5.04E+01	9.68E+00
LUAD.US_SP52284	9.32E+00	1.37E+01	1.21E+01	3.46E+00
LUAD.US_SP53618	7.63E+01	1.07E+02	6.52E+01	1.21E+01
LUAD.US_SP52232	3.56E+01	4.63E+01	2.94E+01	5.99E+00
LUAD.US_SP50412	4.57E+00	6.66E+00	5.73E+00	2.02E+00
LUSC.US_SP57084	5.13E+01	7.27E+01	6.18E+01	8.01E+00
LUAD.US_SP50321	1.88E+01	2.52E+01	1.51E+01	3.84E+00
LUAD.US_SP53548	0.00E+00	2.90E+01	2.06E+00	2.83E+01
LUSC.US_SP57538	5.92E+01	7.87E+01	7.00E+01	8.40E+00
LUSC.US_SP57735	5.51E+01	7.61E+01	6.12E+01	7.55E+00
LUSC.US_SP57669	6.93E+01	9.11E+01	6.87E+01	1.05E+01
LUSC.US_SP56566	1.77E+01	3.71E+01	3.71E+01	6.41E+00
LUSC.US_SP56569	4.64E+01	6.16E+01	4.75E+01	7.69E+00
LUSC.US_SP58342	8.70E+01	1.24E+02	1.10E+02	1.05E+01
LUSC.US_SP58349	6.73E+01	8.93E+01	7.84E+01	8.82E+00
LUSC.US_SP56644	6.11E+01	8.53E+01	6.53E+01	8.48E+00
LUSC.US_SP57629	4.44E+01	6.14E+01	5.26E+01	6.59E+00
LUSC.US_SP56941	2.23E+00	1.03E+01	9.93E+00	1.92E+00
LUSC.US_SP57619	7.07E+01	9.69E+01	6.49E+01	1.02E+01
LUSC.US_SP58245	7.78E+01	1.06E+02	8.78E+01	1.02E+01
LUSC.US_SP57251	6.23E+01	9.18E+01	7.39E+01	9.23E+00
LUAD.US_SP55004	1.60E+00	2.22E+00	1.78E+00	7.54E-01
LUAD.US_SP56079	5.81E+01	8.21E+01	5.21E+01	1.07E+01
LUSC.US_SP56502	5.22E+01	7.76E+01	5.90E+01	9.06E+00
LUSC.US_SP58668	8.18E+01	1.14E+02	9.16E+01	1.07E+01
LUSC.US_SP58101	5.95E+01	7.77E+01	6.46E+01	7.29E+00
LUSC.US_SP58991	4.20E+01	5.59E+01	4.62E+01	6.24E+00
LUSC.US_SP56607	3.02E+01	4.14E+01	3.39E+01	4.75E+00
LUAD.US_SP56168	3.15E+01	4.87E+01	5.57E+01	1.32E+01
LUSC.US_SP58326	9.62E+01	1.25E+02	8.92E+01	1.29E+01
LUAD.US_SP54363	4.36E+01	6.44E+01	5.02E+01	8.91E+00
LUAD.US_SP53810	2.49E+02	3.53E+02	2.13E+02	3.74E+01
LUAD.US_SP50518	1.04E+01	1.59E+01	1.43E+01	3.73E+00
LUAD.US_SP56303	2.19E+01	3.07E+01	2.51E+01	6.17E+00
LUSC.US_SP57267	6.90E+01	9.03E+01	6.83E+01	9.31E+00
LUAD.US_SP55711	9.89E+00	1.69E+01	1.73E+01	4.16E+00
LUSC.US_SP57066	6.97E+01	9.61E+01	6.91E+01	1.00E+01
LUSC.US_SP57901	4.14E+01	5.43E+01	4.52E+01	7.30E+00
LUAD.US_SP55509	8.43E+01	1.16E+02	7.05E+01	1.28E+01
LUSC.US_SP57651	2.40E+01	3.35E+01	2.93E+01	5.08E+00
LUAD.US_SP55309	2.82E+00	5.58E+00	5.28E+00	1.34E+00
LUAD.US_SP52607	5.98E+00	9.71E+00	9.82E+00	2.15E+00
LUAD.US_SP52667	4.55E+01	5.99E+01	3.60E+01	8.38E+00
LUSC.US_SP57450	2.13E+01	4.17E+01	3.97E+01	7.62E+00
LUSC.US_SP57846	4.39E+01	8.31E+01	7.06E+01	1.13E+01
LUSC.US_SP58612	4.42E+01	5.65E+01	5.09E+01	6.83E+00
LUSC.US_SP56821	4.57E+01	5.52E+01	4.66E+01	6.42E+00
LUAD.US_SP51446	1.05E+01	1.43E+01	1.29E+01	2.69E+00
LUAD.US_SP50592	9.91E+00	1.33E+01	1.31E+01	2.95E+00
LUAD.US_SP53073	2.70E+01	3.24E+01	2.22E+01	1.33E+01
LUSC.US_SP58882	3.67E+01	5.42E+01	4.97E+01	6.28E+00
LUSC.US_SP57189	1.39E+02	1.90E+02	1.33E+02	1.87E+01
