Samples	SBS96A	SBS96B	SBS96C	SBS96D	SBS96E	SBS96F	SBS96G	SBS96H	SBS96I
Biliary-AdenoCA::SP99325	1437	3332	67556	0	104596	11329	0	14470	3809
Bladder-TCC::SP1059	0	600	0	12743	4480	16025	723	492	24122
Bladder-TCC::SP96136	4601	751	1384	1215	5622	6733	702	1277	29611
Breast-AdenoCA::SP117369	4616	0	0	0	149	0	0	0	50889
Breast-AdenoCA::SP2293	3252	356	0	0	0	0	0	0	61457
CNS-GBM::SP25494	18354	0	0	416	0	0	0	226273	0
ColoRect-AdenoCA::SP18310	3435	0	81200	0	12800	9184	1608	0	0
ColoRect-AdenoCA::SP17172	3395	69	78948	0	23086	12009	6532	0	323
ColoRect-AdenoCA::SP96133	1768	1638	40784	7468	15637	6956	4820	1795	482
ColoRect-AdenoCA::SP110242	1465	1147	56074	17290	28679	0	3483	5582	255
ColoRect-AdenoCA::SP21017	1901	1873	53800	8454	14083	1721	3539	2734	329
ColoRect-AdenoCA::SP22383	230	1547	44688	8600	28477	0	8071	5512	353
ColoRect-AdenoCA::SP81312	79924	596764	122559	0	4685	0	0	0	3555
ColoRect-AdenoCA::SP22031	1417	225796	4034	1528	0	0	0	1027	429
ColoRect-AdenoCA::SP19215	138	0	38575	4192	43456	0	3395	4959	189
ColoRect-AdenoCA::SP16886	0	770661	0	0	0	30300	48321	0	0
ColoRect-AdenoCA::SP19295	935	238734	11077	130	0	0	0	7447	1544
ColoRect-AdenoCA::SP17905	0	1808098	0	26977	151605	231357	210767	3813	0
ColoRect-AdenoCA::SP18121	0	864	41607	4746	83923	0	0	28853	1146
ColoRect-AdenoCA::SP21400	59603	514346	99863	0	83984	0	35244	0	0
ColoRect-AdenoCA::SP18946	3218	801711	50561	31659	48044	0	10666	14954	0
ColoRect-AdenoCA::SP80615	0	2016657	0	0	61648	139805	208359	0	0
Eso-AdenoCA::SP111058	0	0	323	1495	0	0	60183	692	1290
Eso-AdenoCA::SP111066	0	241	0	2981	4601	1245	61596	804	8191
Eso-AdenoCA::SP111113	605	884	834	4167	1555	692	67399	1618	1386
Eso-AdenoCA::SP110865	1176	679	2783	5864	3184	12820	19191	1100	8954
Eso-AdenoCA::SP23502	1852	1641	1853	311	4403	8535	51819	633	3424
Eso-AdenoCA::SP111001	2772	816	6694	3297	0	2293	40276	28	3286
Eso-AdenoCA::SP111173	2038	3815	0	0	12751	10377	74354	731	1528
Eso-AdenoCA::SP111091	2004	452	915	1747	2925	7642	34499	236	4158
Eso-AdenoCA::SP111175	348	1208	4706	14279	0	0	100102	447	2883
Eso-AdenoCA::SP111114	946	1384	6366	2414	595	5530	34708	0	5666
Head-SCC::SP30113	709	81	0	52437	5368	19308	341	3411	5968
Head-SCC::SP30332	926	405	664	27973	3815	12739	233	2442	3310
Head-SCC::SP30675	436	238	106	38157	4363	11896	276	3211	4502
Liver-HCC::SP98090	574	1067	159	1940	15917	39347	303	3193	1186
Lung-AdenoCA::SP53460	1525	352	375	40982	0	6602	317	989	2392
Lung-AdenoCA::SP54113	1530	0	0	68864	6814	15078	1603	4696	11742
Lung-AdenoCA::SP55235	4389	0	940	76322	4574	14416	2747	3041	7374
Lung-AdenoCA::SP50611	1364	0	976	45301	90	2432	167	1386	1688
Lung-AdenoCA::SP55142	1696	634	257	88040	8159	21558	1675	6045	28979
Lung-AdenoCA::SP53618	1863	0	531	52822	1284	1972	205	1207	1438
Lung-AdenoCA::SP53810	5116	0	2712	176442	0	0	496	142	676
Lung-AdenoCA::SP55509	1611	4	448	54853	1907	2566	195	1132	3419
Lung-SCC::SP56553	0	716	31	41220	3527	23431	694	0	64263
Lung-SCC::SP57941	1533	446	599	58782	2792	6651	369	1436	2894
Lung-SCC::SP57818	893	396	678	40453	214	1651	146	1033	4635
Lung-SCC::SP56704	820	0	0	31359	4452	11730	315	2823	2249
Lung-SCC::SP59245	1008	302	516	24799	2851	9621	1171	1523	13329
Lung-SCC::SP57933	0	466	635	29823	2506	12868	301	1467	9481
Lung-SCC::SP57669	492	413	357	29311	4960	11370	302	890	2627
Lung-SCC::SP58342	669	350	2954	36046	10367	11303	11	1121	11403
Lung-SCC::SP57619	679	399	375	36274	3944	7321	165	1689	2936
Lung-SCC::SP58245	329	397	79	30221	6367	15050	164	2333	4237
Lung-SCC::SP57251	819	538	0	22177	4782	13547	131	2089	8020
Lung-SCC::SP58668	567	355	0	32719	4773	18497	245	2376	6438
Lung-SCC::SP58326	921	452	0	44795	5530	14215	16	2298	3298
Lung-SCC::SP57267	658	443	199	29147	5517	10089	167	1909	3262
Lung-SCC::SP57066	995	768	766	35126	3265	10735	75	1486	4697
Lung-SCC::SP57846	1212	232	685	21712	3404	7684	92	1261	17682
Lung-SCC::SP57189	1165	527	0	75267	8110	15728	100	2321	10628
Lymph-BNHL::SP116668	151	2616	1284	0	4409	13105	42467	2015	854
Lymph-BNHL::SP116697	2146	12315	10086	3308	9671	35161	17842	8968	13032
Panc-AdenoCA::SP125732	1641	102	50623	0	33694	0	9685	0	0
Panc-AdenoCA::SP125770	536	946	4046	11111	35193	0	2268	224	1130
Skin-Melanoma::SP124389	67279	101	610	394	188	133	89	595	1484
Skin-Melanoma::SP124362	214688	0	112	0	0	0	10	0	0
Skin-Melanoma::SP124394	104933	0	0	0	943	0	0	0	0
Skin-Melanoma::SP124334	79166	332	364	1016	1231	4136	907	68	544
Skin-Melanoma::SP124454	55350	0	972	1313	182	0	258	0	740
Skin-Melanoma::SP124380	144729	520	0	0	0	8500	1495	4694	3033
Skin-Melanoma::SP124399	138846	258	0	0	4178	402	691	0	0
Skin-Melanoma::SP124311	77917	1155	0	0	867	20762	1210	7468	0
Skin-Melanoma::SP124434	71747	724	825	741	0	2598	241	4915	3470
Skin-Melanoma::SP124428	297009	267	2154	0	0	0	94	0	6165
Skin-Melanoma::SP124449	134653	0	0	0	1787	0	45	0	1502
Skin-Melanoma::SP124298	311649	0	0	1201	0	23315	747	29804	0
Skin-Melanoma::SP124431	69294	630	0	2239	0	9521	376	10592	0
Skin-Melanoma::SP124409	240620	0	0	0	257	0	38	0	4759
Skin-Melanoma::SP124376	50743	319	1010	0	340	0	0	883	1873
Skin-Melanoma::SP124439	267511	1403	0	0	0	17250	2076	18450	12993
Skin-Melanoma::SP124406	61655	0	708	4744	154	1044	2535	2681	233
Skin-Melanoma::SP124382	404731	151	0	1692	0	44550	2634	25203	0
Skin-Melanoma::SP124415	783006	0	0	0	0	0	5943	0	70229
Skin-Melanoma::SP124436	292528	0	0	5971	13363	4861	2092	0	0
Skin-Melanoma::SP124460	158735	506	423	0	2257	0	2057	0	0
Skin-Melanoma::SP124425	79304	375	413	336	70	8313	893	1814	0
Skin-Melanoma::SP124367	136437	0	0	1708	226	3271	9877	4448	0
Skin-Melanoma::SP124377	46862	513	0	367	0	7012	339	5926	0
Skin-Melanoma::SP124412	67795	0	571	7200	1493	0	229	0	0
Skin-Melanoma::SP124329	49814	95	0	0	1552	20	245	0	0
Skin-Melanoma::SP124326	57185	0	447	2864	721	0	73	0	0
Skin-Melanoma::SP124458	143188	1157	0	621	1023	8098	693	6731	0
Skin-Melanoma::SP124401	368298	609	0	3567	0	22308	2505	38678	0
Skin-Melanoma::SP124384	136007	777	16324	860	4852	11260	498	6737	467
Skin-Melanoma::SP124462	107804	384	563	241	2477	1638	297	767	0
Skin-Melanoma::SP124452	82660	338	0	422	823	2656	173	4837	0
Skin-Melanoma::SP124386	112858	113	1560	31	1191	0	82	0	0
Skin-Melanoma::SP124418	98360	94	0	2697	2395	2492	549	0	794
Skin-Melanoma::SP124319	197804	0	0	0	0	0	416	0	7081
Skin-Melanoma::SP124447	357940	4064	0	0	0	45876	2557	22368	11286
Skin-Melanoma::SP124369	129980	0	0	373	898	3607	160	5439	0
Skin-Melanoma::SP124365	65360	294	679	1139	1666	4984	528	90	796
Skin-Melanoma::SP124420	69025	0	523	311	1168	108	9	0	0
Skin-Melanoma::SP124364	98815	963	1125	1259	1383	4549	369	951	0
Skin-Melanoma::SP124307	117184	57	1018	633	1150	0	190	0	1278
Skin-Melanoma::SP82445	653338	2821	2393	0	0	27404	5624	0	52973
Skin-Melanoma::SP83242	55535	0	0	10968	891	439	487	4928	0
Skin-Melanoma::SP103894	138806	972	0	0	1243	11037	1139	6152	0
Skin-Melanoma::SP83382	49082	526	623	0	0	3126	57	3477	1991
Skin-Melanoma::SP82451	37976	390	1315	3567	1237	3883	194	2971	0
Skin-Melanoma::SP83312	48211	306	532	737	133	4200	432	2509	682
Skin-Melanoma::SP82614	48605	152	0	392	325	4614	348	3008	0
Skin-Melanoma::SP82431	259672	5628	0	0	0	67743	6589	24970	8746
Skin-Melanoma::SP82459	75303	0	32	400	2337	0	214	0	0
Skin-Melanoma::SP82532	134030	1362	0	1171	0	30661	1424	44241	0
Skin-Melanoma::SP83482	59096	461	0	1116	0	3792	1235	2926	57
Skin-Melanoma::SP104530	54773	477	1575	5060	1254	5124	440	1947	712
Skin-Melanoma::SP82644	238419	0	0	0	1877	0	217	0	0
Skin-Melanoma::SP82988	82125	425	1623	0	291	0	156	0	7803
Skin-Melanoma::SP82461	72511	812	272	373	324	4885	336	5206	0
Skin-Melanoma::SP82900	255877	0	916	0	0	665	2307	387	19662
Skin-Melanoma::SP82399	107744	376	609	1110	2714	1396	642	1704	0
Skin-Melanoma::SP82417	247258	0	692	0	881	0	0	0	1914
Skin-Melanoma::SP104056	278629	2067	0	0	13629	36165	1929	1585	0
Skin-Melanoma::SP83083	60246	745	246	0	0	7081	361	5523	1475
Skin-Melanoma::SP83019	87504	607	977	0	805	2750	396	3028	2056
Skin-Melanoma::SP83146	322617	843	4096	0	0	0	913	0	19417
Skin-Melanoma::SP103866	88673	277	666	0	1350	3336	585	0	0
Skin-Melanoma::SP83844	48642	489	734	0	833	2783	312	1842	1552
Stomach-AdenoCA::SP135287	1868	973	42503	0	17735	1212	1845	438	0
Stomach-AdenoCA::SP85122	2426	761	52330	0	17764	5062	2256	0	60
Stomach-AdenoCA::SP84384	2466	35	72168	0	35773	0	3099	4247	649
Stomach-AdenoCA::SP84491	840	1705	2864	18	907	9321	46999	603	1450
Stomach-AdenoCA::SP84743	1558	2350	3010	1234	513	13680	33705	45	3911
Stomach-AdenoCA::SP84982	288	390	20355	5669	19797	0	14911	2415	218
Stomach-AdenoCA::SP84392	826	1383	40570	5395	42954	1411	5652	5926	503
Stomach-AdenoCA::SP105018	0	1191	3868	16100	0	26176	1795	1326	8348
Stomach-AdenoCA::SP84439	0	6334	106072	20408	176127	27504	10818	39632	2320
Stomach-AdenoCA::SP84922	655	2016	1647	176	2469	4760	53418	442	2446
Uterus-AdenoCA::SP90209	0	12313	463029	0	0	0	0	74587	0
Uterus-AdenoCA::SP93540	0	0	32601	2121	20621	4645	141	5093	475
Uterus-AdenoCA::SP93227	0	95504	479946	208897	43108	0	0	100763	0
Uterus-AdenoCA::SP94933	838	1622	3681	0	38606	14821	1355	1238	281
Uterus-AdenoCA::SP92364	0	1434	10140	0	95639	3563	1416	2987	172
Uterus-AdenoCA::SP92659	0	266622	0	15640	0	0	0	0	0
