MutationType	Lymph-BNHL::SP59368	Liver-HCC::SP49469	Lung-SCC::SP56607	Kidney-RCC::SP43633	CNS-Medullo::SP78729	Lymph-BNHL::SP59272	Lung-SCC::SP58668	Skin-Melanoma::SP124341	Thy-AdenoCA::SP85491	Lymph-CLL::SP13594	Stomach-AdenoCA::SP105375	Eso-AdenoCA::SP111015	Breast-AdenoCA::SP117728	Kidney-ChRCC::SP123950	Liver-HCC::SP98847	Skin-Melanoma::SP124323	Eso-AdenoCA::SP110849	Kidney-RCC::SP43514	Panc-AdenoCA::SP117164	Lung-SCC::SP57586	Kidney-RCC::SP102929	Lymph-CLL::SP115134	CNS-Medullo::SP107454	Lymph-CLL::SP115073	Panc-AdenoCA::SP69812	Head-SCC::SP30803	CNS-Medullo::SP107463	Lymph-CLL::SP13433	ColoRect-AdenoCA::SP17294	Panc-AdenoCA::SP117290	Breast-DCIS::SP124201	Prost-AdenoCA::SP116263	CNS-GBM::SP29559	CNS-PiloAstro::SP79300	Prost-AdenoCA::SP116267	Lung-SCC::SP56730	CNS-PiloAstro::SP79462	Panc-AdenoCA::SP125797	Panc-AdenoCA::SP125762	Prost-AdenoCA::SP106839	Ovary-AdenoCA::SP61553	Liver-HCC::SP98090	Kidney-RCC::SP97145	Head-SCC::SP31030	Lymph-BNHL::SP116652	Kidney-RCC::SP102873	Prost-AdenoCA::SP116222	Liver-HCC::SP99229	Ovary-AdenoCA::SP101674	Ovary-AdenoCA::SP101528	Ovary-AdenoCA::SP62450	ColoRect-AdenoCA::SP80423	SoftTissue-Leiomyo::SP123010	Kidney-RCC::SP103619	Stomach-AdenoCA::SP84062	Thy-AdenoCA::SP85836	CNS-Medullo::SP107552	Prost-AdenoCA::SP114978	Breast-AdenoCA::SP10150	Breast-AdenoCA::SP2293	Breast-AdenoCA::SP10944	Panc-AdenoCA::SP117690	Myeloid-MPN::SP116784	Prost-AdenoCA::SP112971	Ovary-AdenoCA::SP101670	Prost-AdenoCA::SP114920	Biliary-AdenoCA::SP99221	Breast-AdenoCA::SP117552	Bone-Benign::SP116562	Prost-AdenoCA::SP112937	Lymph-CLL::SP116782	Uterus-AdenoCA::SP95550	Prost-AdenoCA::SP112921	Prost-AdenoCA::SP114994	Kidney-RCC::SP103221	Lymph-CLL::SP13319	ColoRect-AdenoCA::SP18310	Panc-Endocrine::SP135346	Myeloid-MPN::SP116910	Liver-HCC::SP112241	Breast-LobularCA::SP3368	Prost-AdenoCA::SP23477	Lung-AdenoCA::SP54745	Liver-HCC::SP50175	CNS-GBM::SP29331	Prost-AdenoCA::SP116221	Lymph-CLL::SP13311	SoftTissue-Leiomyo::SP122714	Liver-HCC::SP99117	Panc-AdenoCA::SP117463	ColoRect-AdenoCA::SP21400	CNS-PiloAstro::SP79246	Biliary-AdenoCA::SP99209	Liver-HCC::SP49175	Lymph-CLL::SP115064	Myeloid-MDS::SP116794	Lung-SCC::SP56827	Liver-HCC::SP98875	Lymph-BNHL::SP116618	Panc-AdenoCA::SP70677	Breast-AdenoCA::SP2151	Breast-AdenoCA::SP3415	Panc-AdenoCA::SP117568	Liver-HCC::SP112211	CNS-PiloAstro::SP79303	Lymph-CLL::SP13487	Kidney-RCC::SP102733	Lung-SCC::SP56460	ColoRect-AdenoCA::SP96114	Prost-AdenoCA::SP114968	Breast-AdenoCA::SP116369	Stomach-AdenoCA::SP135287	CNS-Medullo::SP79144	Bone-Benign::SP116448	Prost-AdenoCA::SP114949	Kidney-RCC::SP103128	Prost-AdenoCA::SP114904	Skin-Melanoma::SP124295	Skin-Melanoma::SP124462	Lymph-CLL::SP116752
A[C>A]A	202	137	691	33	5	28	1973	155	30	32	434	241	27	73	119	63	209	64	73	1162	125	17	8	30	77	170	33	87	493	102	31	53	95	4	87	1201	1	117	163	95	44	555	62	175	18	122	35	103	103	195	87	311	49	71	75	44	5	104	61	61	144	56	3	59	363	136	21	28	35	35	43	170	70	368	164	16	239	28	38	206	61	30	634	73	147	29	31	77	286	73	861	6	198	76	41	7	1748	217	244	64	24	118	164	239	3	36	76	838	463	346	193	273	23	1	72	185	130	145	141	102
A[C>A]C	184	105	348	22	8	34	1084	87	19	26	287	169	26	29	71	41	115	23	56	621	60	18	6	12	64	70	32	58	225	101	14	27	78	1	46	560	0	49	92	57	27	468	16	75	30	50	19	56	112	167	51	184	54	31	45	31	6	80	47	31	111	44	0	39	270	90	17	26	8	16	28	137	40	275	84	22	261	19	24	117	57	9	375	40	116	25	18	42	170	50	2565	10	114	64	30	1	912	141	133	52	20	92	120	187	1	29	40	396	211	340	168	184	18	0	48	110	97	108	83	53
A[C>A]G	20	23	157	6	2	1	408	17	5	3	51	36	3	6	27	6	18	4	12	259	8	6	0	2	8	31	3	4	32	12	1	4	6	1	9	216	1	13	13	7	9	66	4	18	4	9	5	17	19	13	6	21	7	7	8	7	2	21	4	7	19	9	0	5	37	18	4	6	3	9	4	32	5	38	25	1	25	2	3	28	13	5	129	12	17	2	4	9	29	6	84	1	52	16	3	1	432	45	23	10	6	18	11	34	0	3	12	119	37	50	24	22	3	0	11	14	15	15	26	15
A[C>A]T	152	77	411	28	9	29	1179	120	16	17	287	183	20	32	74	38	106	30	49	696	46	14	5	16	81	102	25	53	277	77	17	23	91	1	48	640	1	53	98	56	29	494	28	101	19	60	16	52	120	146	33	161	38	40	42	24	6	65	34	39	94	37	0	52	215	65	21	15	12	14	41	116	48	309	103	11	462	14	19	122	49	19	400	43	101	16	30	45	204	40	4518	8	116	57	22	2	1263	139	150	46	18	127	143	131	1	26	44	439	246	286	195	235	14	1	32	75	77	114	117	72
C[C>A]A	192	128	673	22	11	37	2411	275	26	25	406	190	22	29	104	868	168	37	49	1397	77	16	21	19	61	193	17	19	417	93	24	29	79	3	35	1359	0	47	109	52	39	551	30	189	19	74	19	91	125	119	43	252	46	56	52	50	9	66	44	92	90	58	3	53	261	115	26	17	10	35	55	127	44	272	139	17	930	19	30	187	38	14	746	73	100	25	26	47	266	50	2353	8	139	57	35	6	2045	202	239	33	20	85	109	193	4	35	70	789	292	350	235	556	15	1	47	116	116	1091	257	98
C[C>A]C	124	81	481	16	6	26	1932	150	14	10	221	136	11	11	84	119	78	32	23	1033	57	14	7	8	47	90	12	25	168	66	13	17	61	4	24	960	0	39	70	42	19	488	24	72	12	73	13	64	119	132	38	139	36	42	38	13	3	49	28	49	89	28	2	18	254	84	7	8	8	15	22	100	19	264	109	7	2136	17	19	169	36	7	571	38	85	8	26	26	202	42	1219	2	142	54	9	6	1603	186	106	34	14	112	80	136	0	8	41	489	154	359	150	837	18	1	37	98	81	232	115	45
C[C>A]G	14	11	155	4	5	7	547	47	2	0	64	30	3	1	15	117	25	5	7	298	7	3	0	1	5	38	2	3	57	16	4	4	14	1	6	315	0	11	19	13	7	100	4	25	6	12	3	23	16	13	2	29	6	5	8	3	0	13	10	16	24	8	2	7	28	12	2	2	3	4	6	17	5	49	22	0	310	0	4	30	11	1	143	12	13	5	0	6	28	7	241	0	48	10	3	1	412	46	22	3	0	11	9	44	0	5	14	141	39	56	26	146	5	1	16	21	17	125	52	8
C[C>A]T	200	89	497	17	18	33	1840	255	15	26	571	208	28	21	71	347	164	34	86	996	76	10	12	21	48	116	18	24	384	93	18	19	66	1	24	939	2	61	129	51	30	503	19	173	16	67	14	62	137	105	33	208	42	47	40	29	4	55	51	56	115	45	2	27	209	85	6	7	16	20	42	120	33	269	119	11	5176	27	11	208	40	10	568	37	92	20	14	26	165	80	9478	5	122	72	24	6	1630	159	207	29	20	105	102	143	3	19	63	554	254	506	156	2367	16	0	38	73	84	576	198	62
G[C>A]A	183	95	457	22	5	37	1295	153	17	32	507	189	26	22	66	80	325	22	47	792	55	9	15	14	58	144	18	34	705	126	26	14	50	2	42	835	0	60	175	63	32	344	30	320	27	62	28	85	56	92	28	296	34	42	77	28	7	126	32	59	68	43	2	36	174	92	29	23	20	23	30	108	44	172	92	12	336	16	19	146	60	28	460	50	63	19	11	28	170	49	1283	1	115	98	38	5	1209	147	364	32	18	73	126	137	2	22	28	759	541	265	150	383	16	1	60	91	91	139	64	72
G[C>A]C	112	81	298	12	2	16	1056	88	3	14	169	117	17	19	64	14	87	21	31	547	44	6	6	5	27	77	10	24	190	65	14	11	42	1	24	608	1	32	61	35	16	312	8	74	14	44	9	55	55	104	16	111	19	23	34	18	6	67	18	25	73	23	0	20	174	62	15	16	9	8	16	72	33	153	75	3	317	9	14	131	39	4	349	40	45	12	11	22	119	35	1552	1	92	47	15	5	930	122	103	35	15	71	80	113	1	10	26	376	135	228	128	305	13	2	35	96	64	80	36	18
G[C>A]G	13	18	141	0	6	5	410	21	3	3	34	18	5	3	23	9	36	6	8	235	7	2	2	2	9	28	3	1	46	21	4	2	6	0	9	230	1	11	16	6	11	69	1	24	0	2	4	19	12	15	9	24	7	12	14	2	1	13	13	11	9	8	0	6	32	17	5	5	5	3	2	15	10	22	22	1	51	3	6	30	6	1	143	11	5	1	4	11	28	7	97	0	40	19	4	0	358	56	21	6	2	12	13	41	0	4	4	133	41	29	9	62	2	1	11	21	16	9	2	5
G[C>A]T	169	55	290	15	9	22	859	143	6	18	389	134	21	16	48	56	186	26	41	517	47	6	13	14	45	93	12	24	449	82	13	12	42	0	27	461	1	34	104	41	32	342	21	149	26	42	14	41	66	84	26	202	26	28	48	21	4	76	22	32	60	33	0	21	130	79	12	8	6	13	40	97	19	182	68	4	869	9	12	105	40	11	329	27	66	7	6	25	121	61	6170	3	71	55	23	2	833	106	249	20	16	76	64	126	0	14	31	481	315	191	129	891	14	1	37	58	73	110	31	43
T[C>A]A	245	120	600	12	18	27	1972	208	7	20	605	224	37	42	98	107	234	64	105	993	95	7	12	7	64	1111	28	14	623	139	33	36	71	1	54	1002	0	80	226	65	39	521	36	378	35	97	18	120	81	106	30	321	44	50	78	15	8	103	203	1731	267	71	3	42	187	126	16	21	10	32	51	153	41	220	164	8	245	10	19	180	47	26	879	64	70	16	15	35	179	95	18422	0	151	113	19	8	1552	190	364	60	34	154	204	216	2	20	64	866	535	286	180	330	20	2	79	154	122	220	244	47
T[C>A]C	129	110	534	28	16	15	1661	129	3	18	312	154	35	29	89	63	143	67	59	884	86	5	6	11	39	545	29	31	317	118	23	29	49	3	46	966	0	40	128	70	29	475	40	192	11	95	23	112	95	132	41	226	35	48	59	10	7	101	107	700	183	43	1	40	187	102	21	21	11	34	18	138	50	226	118	14	401	15	14	180	58	18	559	58	76	18	11	47	180	56	4228	2	187	98	20	3	1449	203	166	68	35	133	121	199	3	16	55	607	304	287	170	316	14	0	75	148	109	123	282	43
T[C>A]G	21	10	119	1	5	7	285	28	1	7	61	33	5	6	27	18	42	10	13	181	11	2	3	4	7	118	7	7	64	19	5	7	2	0	6	173	0	12	25	12	8	80	4	40	3	12	5	19	10	10	4	31	6	4	8	3	2	27	14	101	34	9	0	9	26	17	4	6	0	3	4	16	12	24	13	1	57	3	0	35	11	2	104	8	9	5	4	6	22	20	588	1	39	21	3	0	254	51	27	9	5	15	18	31	0	1	5	130	47	43	20	56	7	0	17	22	17	25	34	6
T[C>A]T	453	142	655	22	16	54	1882	322	11	32	1054	373	55	28	122	146	427	58	120	1152	102	17	26	19	96	813	51	38	1040	238	29	28	79	2	69	1096	1	107	292	74	50	722	35	497	54	107	26	143	101	108	39	430	55	54	96	18	13	159	135	984	260	84	0	60	225	182	25	30	22	32	57	196	54	346	155	9	1172	22	21	269	84	30	793	73	94	27	20	39	226	146	169593	6	171	202	60	6	1575	227	522	72	29	203	229	307	1	38	64	1028	813	383	225	1008	32	1	103	115	190	387	256	79
A[C>G]A	130	47	204	20	16	14	604	272	8	15	174	165	11	12	39	41	55	27	17	412	39	9	13	16	22	167	8	26	111	34	10	13	59	0	26	355	1	19	56	31	16	263	18	73	12	52	8	28	105	131	29	77	31	34	22	16	9	41	33	143	82	23	3	25	229	41	7	6	6	8	26	84	41	136	70	11	330	16	20	108	27	9	199	25	60	9	12	28	83	24	715	3	58	21	18	3	561	62	112	24	17	123	47	90	1	13	34	259	119	201	196	161	28	0	25	49	45	133	57	45
A[C>G]C	73	35	104	7	10	13	306	172	1	13	111	95	8	7	25	38	47	16	23	193	35	3	8	3	14	56	8	12	78	26	16	5	29	0	16	164	1	9	32	8	5	187	18	40	1	26	3	24	57	65	21	52	20	14	16	12	6	29	21	43	44	16	1	11	101	50	5	5	10	3	12	48	16	73	43	7	95	8	9	65	12	3	105	12	40	4	5	15	37	14	253	2	24	19	6	1	267	33	65	9	10	65	21	44	3	13	22	170	57	119	92	82	8	0	7	49	59	73	43	18
A[C>G]G	12	14	30	4	1	4	136	25	0	1	37	29	2	2	12	6	6	2	6	97	9	3	3	1	7	26	2	2	18	2	1	1	7	0	1	69	0	3	12	4	12	32	4	8	5	7	1	7	13	19	8	13	3	7	3	3	1	4	5	9	14	6	0	1	37	7	1	2	1	4	4	42	5	27	23	1	19	1	2	11	14	3	34	2	13	3	3	7	12	2	14	2	15	6	4	1	149	11	11	1	1	30	8	11	0	0	9	68	12	59	29	2	7	0	5	11	5	16	32	6
A[C>G]T	149	64	178	12	15	18	494	264	2	23	210	181	13	17	52	50	48	34	38	284	64	10	6	7	21	152	6	9	195	37	13	10	57	0	27	292	0	13	46	25	11	375	28	63	13	51	12	41	83	118	42	102	29	31	37	10	10	39	33	128	79	13	0	24	203	47	8	5	6	15	15	92	40	133	84	5	283	18	20	80	20	9	176	18	66	6	15	20	74	15	218	1	45	29	12	4	356	52	115	14	21	92	60	100	1	8	28	218	166	198	183	133	14	1	25	56	49	121	79	27
C[C>G]A	68	45	151	6	6	13	529	99	5	7	87	100	9	3	32	19	37	18	13	284	27	0	3	1	15	169	0	12	78	15	11	6	17	1	13	309	0	17	22	9	10	172	11	52	3	30	4	30	65	86	23	60	14	14	14	9	5	18	24	181	63	17	1	15	146	26	8	11	3	3	4	70	10	69	36	6	21	8	13	51	18	7	144	8	31	2	5	11	40	13	44	0	53	10	4	2	386	36	61	10	10	96	43	48	2	5	25	190	51	135	131	36	5	0	15	40	24	51	43	17
C[C>G]C	64	45	122	4	4	9	444	85	8	3	77	97	7	7	39	20	16	29	16	255	26	2	1	4	15	52	5	5	51	16	7	9	19	0	10	241	0	6	21	10	6	161	20	34	7	25	6	32	49	48	17	51	12	16	13	8	1	15	16	32	64	14	0	7	127	27	4	8	5	8	7	45	11	68	55	2	26	6	9	48	14	7	106	12	26	7	3	19	40	11	30	0	48	22	5	1	278	55	46	6	8	86	30	51	1	9	40	176	38	116	113	21	8	0	17	43	27	81	52	22
C[C>G]G	14	9	78	3	4	3	182	17	1	1	31	19	5	0	12	7	12	6	4	133	8	3	3	0	3	22	2	3	11	11	3	2	4	0	4	104	0	5	5	5	4	35	3	11	0	8	3	3	26	18	6	17	5	3	4	3	4	5	5	16	15	2	0	5	32	8	4	5	1	0	1	47	9	30	10	0	20	0	1	7	24	2	46	3	7	0	4	1	13	4	13	0	12	4	1	0	144	15	12	2	5	15	6	11	0	1	5	75	18	66	37	11	5	0	15	10	7	25	48	5
C[C>G]T	107	64	178	11	1	12	551	124	11	8	128	126	10	10	62	37	36	51	13	271	42	7	5	5	13	188	1	3	131	24	18	7	37	0	20	294	0	15	35	18	9	249	30	64	7	44	5	35	83	87	39	104	39	20	28	17	1	32	33	194	96	16	0	14	210	39	9	6	1	9	16	99	16	116	63	6	39	17	10	63	21	11	161	19	47	3	3	16	76	16	59	2	55	13	12	2	342	63	64	20	16	133	52	71	3	3	35	219	70	219	173	38	13	0	16	54	43	93	57	20
G[C>G]A	56	18	104	5	6	2	374	106	9	4	66	83	2	3	21	23	27	6	16	197	19	2	6	1	9	75	4	4	61	12	10	3	19	1	7	190	0	10	15	10	4	102	5	29	2	24	6	12	67	42	17	35	15	8	13	8	4	12	14	55	37	13	0	7	94	13	5	3	4	9	8	46	9	58	27	5	65	6	9	51	16	2	88	5	21	2	6	5	36	9	359	1	23	10	4	3	317	22	38	17	9	46	22	36	0	8	21	133	31	92	76	41	8	0	13	20	15	53	25	17
G[C>G]C	75	22	85	7	5	11	344	121	4	7	82	104	8	6	38	19	30	15	13	182	16	3	5	2	12	53	4	6	65	18	4	4	19	0	4	211	1	10	26	14	11	156	8	23	5	21	3	21	44	34	15	48	11	10	7	8	3	23	20	31	29	12	0	15	91	21	5	4	3	4	8	41	20	60	30	4	171	12	7	55	16	6	108	8	15	3	6	8	32	6	215	2	38	20	8	3	241	35	38	8	9	43	20	46	1	5	17	130	58	115	84	80	9	0	23	41	23	73	33	13
G[C>G]G	9	4	44	3	2	0	143	26	2	4	21	24	2	3	5	9	3	1	4	94	4	0	1	1	2	22	1	4	17	8	1	0	1	0	0	55	0	3	3	1	7	28	2	4	0	6	0	2	10	14	2	7	4	1	3	1	3	3	1	5	7	1	1	1	20	3	0	2	1	0	5	27	5	19	15	0	11	1	0	4	6	0	44	0	4	0	1	3	8	2	3	1	7	3	1	0	117	11	8	0	3	12	6	9	0	3	6	34	10	31	15	7	0	0	4	5	5	5	22	2
G[C>G]T	133	36	76	9	3	13	271	108	2	11	117	116	5	5	17	24	27	19	14	173	25	9	5	5	18	112	2	15	75	17	8	4	28	1	9	176	0	9	21	16	4	215	13	40	15	20	3	19	58	81	14	56	25	10	14	13	1	24	24	89	49	10	0	19	166	27	6	2	2	4	23	56	16	79	41	6	130	8	10	48	15	10	112	13	40	5	8	8	43	11	157	2	31	17	10	2	224	36	60	12	15	90	31	40	0	8	12	116	48	152	140	64	7	0	10	36	31	72	43	27
T[C>G]A	174	52	362	14	14	14	1384	296	3	8	238	194	6	16	48	82	113	29	56	434	54	8	9	8	50	7477	5	12	141	39	22	5	39	0	32	448	1	34	71	25	27	193	18	2198	6	47	2	37	111	86	51	114	44	21	93	10	6	90	842	9790	838	29	0	25	183	82	14	8	13	12	15	361	30	140	67	5	59	10	5	67	26	15	2402	29	56	10	11	20	68	26	112	2	52	23	16	0	1198	54	100	39	140	606	435	81	0	7	26	1057	128	257	322	35	12	0	33	66	71	117	54	16
T[C>G]C	108	43	209	18	6	12	740	154	9	7	146	133	9	15	50	56	46	32	37	351	48	4	8	10	27	1655	12	8	117	36	17	4	29	1	20	350	0	26	60	26	13	216	11	431	10	46	2	36	100	77	36	73	39	20	36	10	8	44	192	1877	234	14	0	17	159	55	16	6	4	11	17	139	20	126	73	5	40	8	9	79	21	4	527	16	36	9	9	23	74	27	82	0	69	13	15	6	574	63	61	30	52	327	150	89	1	6	57	419	79	188	225	40	16	0	25	69	48	98	97	21
T[C>G]G	11	16	39	4	2	0	177	13	1	1	18	14	5	3	10	7	8	7	3	73	8	0	0	1	4	346	2	2	16	5	1	3	6	0	3	53	0	3	12	3	8	38	4	80	1	7	0	4	13	10	7	6	3	3	4	3	0	6	44	333	42	2	0	3	26	7	0	3	0	3	1	59	4	16	6	0	3	4	0	10	13	2	157	2	10	2	3	5	8	1	15	0	7	1	1	1	113	9	2	4	9	28	22	11	0	0	12	76	14	38	23	3	2	0	6	11	9	19	30	6
T[C>G]T	279	106	474	28	16	15	1958	483	15	15	421	319	29	42	109	124	147	60	97	586	104	9	22	7	80	8004	14	7	388	89	39	26	114	0	79	726	1	47	134	33	36	467	35	2111	18	99	18	73	177	172	92	263	101	35	146	29	6	133	1105	12261	1204	49	1	45	276	105	27	15	16	12	18	477	44	277	117	11	195	31	23	102	49	11	2642	44	86	20	12	47	135	49	176	5	119	30	12	4	1243	91	174	102	169	869	516	171	3	14	55	1332	284	425	505	138	18	1	53	120	104	205	157	43
A[C>T]A	413	157	374	45	9	58	947	210	42	48	340	228	41	35	124	71	305	65	92	618	106	26	25	29	87	341	48	56	316	144	42	41	105	7	70	603	4	104	131	81	36	805	35	252	37	123	37	147	111	153	70	274	114	65	60	80	19	96	89	295	199	86	3	76	249	115	36	26	16	59	67	143	68	207	151	34	5746	40	49	166	70	28	411	99	192	30	41	66	269	149	1918	9	158	94	37	28	689	217	268	67	31	132	144	238	5	36	95	452	295	302	178	2028	39	1	68	113	130	220	193	104
A[C>T]C	180	109	171	28	14	30	513	125	21	26	207	110	24	19	59	29	140	29	41	309	62	19	10	23	43	155	32	33	175	59	23	19	53	0	37	257	2	61	79	44	25	397	24	149	18	61	20	84	60	85	33	148	60	29	34	36	9	59	34	88	80	49	0	39	130	52	15	17	14	27	42	96	68	106	100	15	1476	28	28	100	40	20	194	35	84	16	30	24	101	85	2962	1	104	49	22	7	317	127	120	40	18	46	88	131	1	24	84	247	175	153	86	686	20	1	45	84	47	146	2226	70
A[C>T]G	436	141	176	45	43	123	293	180	62	69	628	324	118	110	83	149	486	51	414	283	99	68	82	70	355	281	300	123	1237	502	86	92	189	16	328	214	6	768	410	308	168	509	61	799	85	112	150	158	93	181	162	868	187	88	254	87	46	180	208	143	403	340	2	572	280	423	63	89	47	174	85	291	132	294	137	57	11764	63	123	126	149	174	230	39	978	127	121	99	84	494	9612	16	158	188	70	35	264	142	235	188	59	151	573	147	26	61	75	280	1310	279	183	4082	107	1	276	82	403	245	165	174
A[C>T]T	265	117	242	45	7	48	625	143	18	35	272	197	17	19	74	49	214	48	73	406	85	22	10	18	81	196	34	31	253	90	22	25	63	0	47	323	2	71	123	52	30	809	34	159	34	88	19	91	100	145	40	222	77	61	53	32	6	64	38	126	128	56	1	44	223	95	34	8	22	28	56	119	67	189	141	22	1589	28	46	138	40	14	222	58	117	14	30	34	151	66	4028	4	110	78	38	16	377	141	138	50	26	107	106	154	1	39	90	343	236	242	191	700	37	0	45	90	86	187	1102	67
C[C>T]A	331	171	358	25	10	49	1085	245	16	31	297	210	35	30	143	76	265	52	64	648	91	22	17	26	51	562	38	49	236	127	40	10	71	0	59	672	0	79	111	57	36	1415	42	370	19	96	25	137	80	78	52	195	63	48	58	43	14	76	102	645	192	63	2	44	184	107	30	16	16	28	46	113	70	127	124	18	1048	42	41	151	48	26	543	67	111	27	51	32	221	126	1509	6	161	107	32	12	695	241	234	58	22	119	136	278	3	41	104	481	198	236	126	481	43	1	51	96	103	257	6359	72
C[C>T]C	286	145	281	37	15	35	833	295	17	31	207	142	39	32	105	83	234	54	59	559	87	19	17	37	54	200	49	42	169	101	35	19	76	1	48	505	2	55	76	39	34	732	40	242	21	81	18	100	72	90	53	178	67	49	50	28	9	90	48	138	120	52	0	44	136	71	36	28	16	36	38	99	63	134	140	24	1143	41	59	133	36	22	345	43	100	14	37	30	150	106	2245	2	118	96	36	21	512	171	150	64	26	67	102	207	3	32	78	333	184	420	96	679	41	2	53	80	67	271	7873	84
C[C>T]G	342	110	163	23	36	87	334	119	19	40	422	227	68	40	62	79	409	35	254	277	50	36	49	37	179	286	131	79	849	306	44	58	77	10	166	216	4	401	293	175	101	469	34	562	53	70	65	86	72	114	96	565	91	36	129	43	30	133	142	236	271	186	3	316	186	221	26	60	18	93	59	204	74	212	82	22	8916	33	67	88	111	78	238	29	372	62	64	34	85	306	5827	20	82	138	36	15	216	94	165	148	49	84	394	119	11	40	74	207	802	193	126	3114	65	4	151	44	218	187	941	85
C[C>T]T	335	177	372	74	10	61	1258	239	30	41	274	226	37	24	119	64	217	44	85	691	98	20	13	48	70	405	32	53	247	127	40	40	98	0	48	625	1	81	160	60	48	1857	60	286	33	99	25	107	100	152	81	217	81	63	52	49	4	100	73	330	203	63	3	54	251	114	45	24	28	42	65	131	98	180	168	28	1202	55	73	198	46	38	383	93	176	32	39	41	258	126	3375	5	215	107	41	28	730	240	217	74	41	156	150	326	7	55	114	449	237	437	205	616	40	1	66	108	118	244	6618	103
G[C>T]A	319	151	256	29	16	46	638	141	18	31	233	153	34	28	103	59	182	50	49	387	80	21	21	24	48	299	29	38	218	124	28	20	72	0	59	546	1	84	102	59	35	848	39	225	26	88	20	127	69	116	44	155	52	38	62	41	7	102	79	292	136	56	1	53	197	93	23	21	15	34	46	102	78	134	112	15	5297	35	38	178	68	30	302	53	103	19	31	33	209	89	5411	1	148	82	21	9	424	203	202	39	15	69	104	210	3	28	69	350	186	285	128	1989	30	1	48	102	95	172	129	75
G[C>T]C	274	130	191	33	20	39	492	140	22	23	264	144	42	17	91	45	154	36	63	301	69	22	11	23	49	199	41	40	213	117	22	17	54	2	52	340	0	75	116	54	36	639	28	190	31	62	29	89	69	91	38	151	52	37	55	39	11	97	53	133	124	50	1	60	155	80	24	19	16	29	37	102	70	138	112	15	4414	38	56	134	50	26	243	35	100	25	37	25	130	85	16847	5	102	86	30	23	306	196	168	39	18	71	112	161	3	24	78	267	190	185	117	3676	27	4	67	79	83	147	1369	73
G[C>T]G	426	130	142	22	36	87	265	162	12	43	598	255	84	45	71	110	497	42	307	307	69	50	45	44	252	282	158	86	1086	442	55	49	141	5	196	235	5	518	340	194	136	518	35	638	56	74	105	124	66	128	102	723	114	49	196	52	30	193	172	160	321	274	3	389	214	304	23	69	26	99	62	208	105	240	87	37	10662	55	88	102	118	81	202	24	516	63	78	71	102	379	28688	12	134	172	45	18	216	127	180	143	44	98	494	132	12	46	58	238	1103	238	143	8209	76	1	232	42	298	235	144	91
G[C>T]T	335	122	241	56	16	52	519	149	8	48	262	148	33	20	85	41	151	44	63	327	66	26	20	21	55	264	39	29	233	124	22	24	85	0	47	349	1	68	123	53	46	1132	36	203	28	78	21	104	87	109	45	168	42	46	48	54	6	92	50	158	109	49	2	49	157	96	23	22	15	26	61	103	55	148	114	23	3227	32	46	150	39	25	255	46	108	10	39	25	154	75	19307	5	161	81	43	21	325	187	161	39	19	82	121	205	0	31	75	290	194	212	128	2204	33	2	60	87	98	163	1453	76
T[C>T]A	436	176	640	32	15	45	1920	532	24	32	381	265	54	53	130	137	815	82	218	645	126	17	22	15	186	11308	29	30	250	239	66	20	49	3	87	705	2	159	196	77	73	1017	53	5672	20	116	25	145	102	116	70	323	113	53	186	36	8	176	1254	17984	1913	107	3	73	175	150	50	36	18	47	36	505	80	252	197	11	1002	49	23	153	59	24	5333	75	94	33	27	54	201	293	6003	4	182	105	31	4	1239	217	240	115	160	365	620	307	3	26	91	2549	272	313	305	481	33	3	93	158	158	319	18029	70
T[C>T]C	392	162	366	23	18	48	978	563	24	28	315	218	49	49	82	98	340	51	153	529	101	24	17	37	80	2265	31	40	234	156	32	23	87	0	54	540	3	141	186	74	52	632	55	1418	25	125	24	112	93	93	77	259	108	67	96	39	18	137	235	3444	544	69	2	61	188	96	39	27	20	29	44	197	93	174	199	25	932	48	37	162	38	22	1260	38	79	31	54	43	160	197	18090	6	166	117	33	15	667	196	236	66	58	202	247	197	4	28	90	797	243	238	196	680	23	2	69	139	93	333	33952	76
T[C>T]G	229	85	142	16	19	78	324	175	27	31	343	184	57	63	37	80	285	31	196	179	44	22	36	22	137	1259	93	52	603	237	32	61	67	5	126	141	3	312	156	135	81	289	29	893	35	47	72	66	50	90	64	389	76	27	95	28	19	93	275	1828	346	146	0	174	119	184	13	36	18	66	50	168	68	144	68	30	4756	18	55	67	62	53	695	17	260	47	43	39	58	266	95589	8	67	100	38	14	197	70	116	94	43	83	279	99	15	29	44	290	587	146	93	1744	37	1	132	37	177	145	6968	79
T[C>T]T	478	152	517	46	13	64	1532	427	13	33	396	257	55	40	123	116	606	75	156	628	107	20	15	27	142	5416	35	52	312	210	44	42	76	2	102	659	3	168	208	61	51	1350	45	3102	44	104	16	115	106	122	48	304	123	54	131	33	13	160	644	9038	1107	92	4	63	188	113	49	39	24	53	70	307	67	207	175	17	882	43	34	194	61	31	2940	90	117	35	32	62	226	260	38207	6	194	101	26	15	870	210	269	76	103	279	348	257	2	37	83	1476	299	357	230	671	31	4	83	132	130	317	11300	88
A[T>A]A	245	58	291	18	10	27	933	145	9	29	201	144	24	24	59	27	65	33	42	455	54	12	7	18	41	130	6	39	130	60	24	15	55	1	48	432	0	65	68	46	19	1877	25	40	16	68	9	71	50	72	24	119	37	29	38	15	11	53	34	33	81	34	5	24	106	70	24	9	25	17	41	71	29	102	72	12	174	26	39	122	16	16	215	48	49	6	24	32	173	32	1037	2	137	182	33	3	343	122	131	28	20	40	92	197	0	25	58	221	119	156	74	226	6	1	39	47	70	95	382	65
A[T>A]C	96	65	101	8	4	16	304	64	8	15	153	105	16	12	48	31	97	23	41	145	22	14	1	13	32	92	3	36	81	60	23	6	24	1	12	143	0	32	70	17	12	621	11	56	6	26	5	45	44	64	17	82	32	13	27	20	0	24	31	32	58	20	1	19	103	39	18	16	9	15	25	51	28	92	30	12	290	4	20	75	25	4	139	34	44	6	20	26	108	35	379	2	73	70	18	6	111	80	55	33	23	38	68	111	1	21	27	105	75	99	60	425	8	2	23	38	41	74	111	66
A[T>A]G	92	50	192	14	3	16	711	83	11	19	114	99	14	21	61	33	52	26	33	329	33	17	5	14	28	89	12	39	72	40	12	16	45	0	26	331	0	27	52	31	10	1168	14	34	12	48	12	61	71	105	25	74	34	25	23	20	3	31	22	22	69	20	1	24	154	35	29	13	17	16	30	69	37	117	81	19	112	21	13	88	24	5	181	56	56	11	26	16	160	26	116	2	145	173	17	3	365	125	64	27	12	40	75	172	4	25	38	240	93	129	95	93	5	0	22	43	36	61	130	76
A[T>A]T	307	93	212	14	15	32	543	154	13	23	500	215	29	20	77	41	233	30	73	350	70	11	11	20	59	221	30	61	331	172	31	18	71	1	50	295	0	95	141	51	37	1139	10	104	35	69	9	82	75	98	28	192	36	22	46	20	4	97	45	27	113	54	0	35	159	137	30	19	23	25	61	112	55	189	75	14	1825	24	29	127	37	8	293	48	75	17	21	35	198	90	4316	7	134	154	42	6	242	127	165	47	18	98	163	272	1	16	87	233	229	226	128	1273	21	2	67	52	141	135	1067	58
C[T>A]A	91	44	174	9	2	8	970	70	4	6	187	113	5	8	41	6	28	22	26	445	44	4	3	7	23	48	8	11	93	28	8	7	32	1	16	414	0	15	34	9	9	851	10	14	4	109	6	48	64	57	10	67	28	15	24	6	1	20	16	20	48	14	0	11	107	23	6	6	6	11	22	38	25	86	52	8	35	6	15	68	14	6	192	31	42	5	11	21	111	18	124	0	94	283	10	1	424	92	62	13	9	50	41	87	0	14	54	156	45	133	68	47	4	0	18	35	24	45	101	22
C[T>A]C	202	50	145	13	2	14	585	69	1	7	183	184	6	6	54	19	157	27	21	286	65	6	2	8	32	60	4	17	141	43	11	5	43	2	19	266	0	28	39	23	7	1292	10	50	6	81	8	59	96	89	13	58	24	24	25	7	2	19	13	15	54	18	0	8	160	32	15	8	10	11	20	58	10	143	50	6	302	16	13	97	25	4	299	40	58	9	8	22	161	20	197	5	82	141	13	1	300	99	52	14	10	66	45	200	2	9	51	153	73	231	95	228	4	0	11	36	37	137	107	23
C[T>A]G	108	52	329	12	3	17	1384	72	5	8	128	169	10	16	99	25	70	44	21	575	60	10	1	9	26	55	6	20	98	30	6	8	31	0	24	579	0	32	30	21	11	917	28	29	3	104	10	54	78	83	25	62	28	23	30	17	1	27	14	12	52	17	0	19	154	43	15	0	9	15	22	77	22	146	70	13	60	14	9	108	13	6	349	48	73	8	17	32	138	14	136	2	125	361	21	0	710	108	58	19	11	73	39	135	0	17	72	246	82	211	119	78	14	0	21	44	49	71	80	46
C[T>A]T	350	56	239	15	6	20	849	98	8	17	490	443	9	9	56	19	440	31	27	548	48	13	7	18	41	91	2	30	405	52	11	15	47	0	26	398	1	39	69	29	31	1160	18	77	13	79	4	67	97	117	37	131	34	19	45	16	5	24	13	14	62	25	0	20	170	39	16	4	7	6	43	69	33	236	56	9	151	14	17	102	33	7	595	59	111	9	18	25	237	34	450	4	117	166	8	3	450	137	121	16	10	103	100	206	1	12	80	184	149	313	157	147	9	0	18	54	44	265	222	46
G[T>A]A	94	21	171	6	1	9	579	48	3	10	103	74	6	9	18	10	15	18	11	295	28	5	4	2	17	39	3	42	62	14	6	7	24	1	11	290	0	16	29	9	8	489	7	16	6	42	2	18	41	45	14	49	19	9	12	12	2	13	5	4	34	14	2	8	79	28	7	3	3	5	12	43	18	82	34	12	45	8	12	53	10	10	125	32	36	5	7	10	60	11	202	3	51	108	7	1	271	58	56	8	8	35	24	58	0	6	19	119	55	73	59	76	4	0	17	25	29	38	86	17
G[T>A]C	85	27	74	7	2	4	235	33	4	7	85	75	12	3	22	7	47	4	5	110	16	5	2	6	10	28	4	18	65	29	6	3	21	0	3	110	0	20	26	7	4	280	6	28	4	27	0	23	33	41	8	24	18	11	11	3	1	16	5	4	38	11	0	7	87	13	9	4	11	2	18	28	12	73	39	6	142	6	4	46	7	1	127	17	32	3	3	7	63	12	199	2	54	34	11	0	124	52	35	9	7	22	21	61	0	8	21	91	31	98	46	261	2	0	15	15	9	40	44	23
G[T>A]G	68	27	203	6	4	6	747	61	6	3	89	74	8	17	41	13	38	16	11	325	21	12	2	5	21	43	4	28	52	23	9	7	31	0	19	322	1	18	22	8	4	426	18	20	6	45	5	33	58	50	14	48	15	15	10	11	1	13	12	8	35	11	0	9	93	25	4	11	9	4	10	38	13	105	23	10	164	9	7	64	18	0	151	28	31	1	7	17	57	9	60	0	65	99	8	1	340	78	43	13	6	40	41	80	0	7	20	161	52	114	65	118	5	0	12	31	28	57	88	41
G[T>A]T	116	33	158	8	1	16	460	52	6	17	164	151	8	6	24	16	111	15	28	247	36	8	2	13	38	47	3	30	149	34	10	6	47	0	21	205	2	27	53	23	11	447	11	37	14	40	8	36	84	85	16	76	19	16	26	7	1	27	11	12	52	22	0	7	156	32	9	9	11	6	21	52	19	173	44	9	239	7	5	61	17	7	194	26	54	8	15	15	96	23	364	2	53	32	13	2	216	55	72	18	5	58	56	97	0	8	22	117	66	148	110	154	4	0	4	28	31	95	137	37
T[T>A]A	292	54	260	21	5	45	984	238	6	27	531	204	35	7	63	40	151	47	66	529	53	9	8	10	38	83	18	32	356	127	17	19	55	2	39	461	2	71	97	34	32	1272	15	148	26	86	11	67	71	65	33	156	25	20	41	15	7	94	71	30	89	45	0	30	111	78	18	11	14	17	43	86	39	112	76	11	613	12	49	101	36	15	207	51	66	9	18	19	147	86	1129	3	107	191	30	1	346	122	170	28	21	68	109	197	2	22	42	236	197	191	97	594	16	3	66	60	71	124	408	33
T[T>A]C	92	37	120	7	3	7	351	53	6	6	182	100	13	8	61	21	62	30	20	210	46	5	6	6	22	62	6	23	78	32	10	12	26	0	17	200	0	21	50	7	11	941	13	37	12	50	4	37	60	66	17	58	27	11	16	8	0	32	12	6	60	8	0	11	92	36	10	6	3	5	19	47	20	117	65	6	95	11	8	70	15	8	145	32	41	7	14	14	200	15	536	0	101	65	10	2	175	94	50	23	9	43	37	263	1	8	29	135	71	133	76	103	2	0	14	50	35	67	213	26
T[T>A]G	93	41	161	11	0	7	587	59	2	7	151	80	6	6	59	14	37	28	9	248	34	4	3	15	15	52	3	8	64	17	17	5	33	1	16	288	1	10	28	11	7	684	16	31	7	54	5	30	39	41	8	49	29	14	11	10	1	16	9	13	41	17	0	10	70	28	10	2	8	4	34	30	32	77	45	7	50	6	18	64	13	4	156	39	36	4	12	11	95	10	353	1	74	163	20	5	294	83	44	16	6	33	30	104	1	9	39	147	49	107	60	67	11	0	9	37	30	37	116	40
T[T>A]T	297	73	235	12	6	25	751	133	18	31	518	265	13	28	65	28	230	55	47	549	100	10	10	14	72	117	19	30	348	89	22	15	90	1	35	364	0	80	93	46	35	1195	31	104	27	74	18	65	78	126	35	186	28	25	48	25	3	71	28	24	121	31	0	24	189	66	22	9	7	13	53	112	40	220	134	11	527	9	38	128	54	7	352	60	128	17	26	23	304	46	2748	3	142	109	24	3	363	109	145	43	13	102	108	392	1	21	64	268	212	266	136	409	16	1	44	88	78	196	1023	59
A[T>C]A	404	208	630	53	10	56	1679	340	22	47	709	369	61	33	326	68	146	86	76	959	92	26	11	29	31	247	38	48	394	200	38	32	132	4	62	1040	2	87	130	57	50	2155	70	115	35	124	32	276	112	129	84	241	115	43	67	39	14	93	66	57	171	72	3	73	239	129	64	22	31	43	77	134	103	151	154	25	1882	53	44	564	60	28	367	242	145	29	47	58	569	74	12356	6	429	134	58	17	941	492	151	67	40	117	167	694	3	37	113	637	243	251	189	1636	31	2	109	122	136	192	255	102
A[T>C]C	180	71	101	6	7	25	294	148	5	18	164	164	23	10	137	37	89	19	34	163	35	11	4	12	22	64	10	11	111	64	23	3	65	2	17	183	1	44	65	17	14	1066	21	55	24	30	7	104	75	69	26	90	35	10	25	18	2	30	28	13	66	26	1	15	123	49	13	4	5	17	34	90	58	74	60	11	787	21	27	124	27	10	146	99	73	11	13	13	252	28	4699	2	140	48	25	2	144	133	65	22	16	53	41	271	3	19	46	121	84	130	113	621	16	3	23	24	45	98	100	39
A[T>C]G	244	158	383	29	9	36	1030	171	17	25	267	194	37	11	265	32	90	45	52	589	83	15	17	19	23	116	15	32	162	94	24	15	86	0	25	619	2	41	89	32	32	1748	65	75	19	61	4	204	99	100	58	126	79	32	36	35	6	68	41	23	107	60	0	40	193	75	42	26	12	28	49	101	47	126	97	25	2106	49	23	281	31	11	236	107	107	18	33	37	400	41	2994	3	284	64	33	12	523	307	96	33	26	75	75	423	4	38	114	458	138	166	156	1644	29	0	42	90	83	141	160	79
A[T>C]T	423	174	303	33	15	49	844	252	19	47	312	323	55	32	199	55	172	62	69	605	82	19	26	36	55	199	27	44	310	118	38	31	141	1	45	560	2	79	113	68	47	2309	47	113	39	83	30	179	138	125	79	269	89	51	40	51	11	89	67	46	192	57	2	53	296	89	46	18	23	52	84	140	94	178	124	21	639	59	46	319	56	22	302	145	179	30	47	37	367	68	5263	7	279	80	54	18	506	298	165	75	41	159	124	667	3	37	113	369	221	248	230	575	28	1	64	109	102	240	389	121
C[T>C]A	231	102	237	18	12	29	806	145	8	18	518	207	16	13	116	21	146	39	23	420	45	5	7	3	10	62	4	20	243	68	13	9	54	0	19	465	0	23	53	17	14	872	38	60	26	48	8	105	63	65	22	94	41	24	25	19	6	40	24	13	64	18	0	20	90	50	17	11	9	14	31	51	57	55	87	13	1298	13	22	179	22	7	247	72	54	5	8	16	260	24	1459	2	169	55	25	4	410	146	81	26	12	74	50	234	4	14	82	249	112	137	94	937	12	0	18	43	53	107	225	36
C[T>C]C	530	63	86	12	14	26	282	139	5	22	329	455	7	7	120	35	516	16	32	185	44	7	13	13	28	66	11	16	336	67	11	8	68	1	26	182	3	67	53	17	20	1389	25	112	23	43	5	83	109	82	24	109	30	21	32	14	8	48	25	9	68	27	3	27	149	42	16	9	16	16	39	81	33	120	65	6	966	13	15	161	15	8	680	70	59	9	23	20	337	30	1567	2	142	29	21	2	227	145	59	20	3	86	57	348	1	12	56	122	108	176	170	664	16	0	29	49	48	342	151	38
C[T>C]G	333	75	209	17	5	26	643	96	10	10	280	277	13	9	144	32	316	30	27	321	48	10	8	8	19	65	21	16	211	56	14	5	67	0	15	390	2	30	41	23	19	781	44	85	24	41	15	116	53	38	29	95	40	17	16	13	4	38	29	14	40	27	1	18	103	58	18	9	8	17	38	64	24	75	95	10	2359	18	16	160	17	8	510	32	56	7	18	16	249	29	1117	2	130	44	27	4	322	171	71	18	15	58	46	227	2	15	72	249	97	162	107	1689	12	0	28	61	59	234	116	40
C[T>C]T	1111	73	175	15	9	45	603	173	9	27	758	1355	13	11	124	35	1612	43	43	350	50	12	15	13	22	95	12	10	892	64	13	11	69	1	28	368	1	95	55	31	57	1422	32	229	32	53	11	120	79	63	42	141	36	27	42	20	3	48	21	26	83	37	0	22	151	49	22	8	6	9	62	91	43	101	86	9	1295	21	19	168	29	8	1765	78	77	3	21	33	316	44	1335	3	158	37	41	4	421	170	125	36	17	72	68	300	2	14	71	221	196	183	134	914	15	2	33	50	48	599	669	57
G[T>C]A	196	144	286	26	16	20	656	262	6	20	319	200	23	9	216	38	81	47	49	379	52	11	8	18	27	108	24	32	144	141	25	18	70	0	29	484	0	48	80	29	29	1494	43	103	21	47	19	140	78	54	26	113	48	17	26	27	5	79	33	23	75	38	0	44	125	78	30	10	16	20	38	53	50	79	82	9	1555	22	15	232	23	11	205	118	55	4	29	24	396	41	23216	2	240	57	36	5	430	237	77	31	17	48	84	354	1	30	46	303	139	156	99	1772	20	1	54	63	69	138	106	52
G[T>C]C	222	68	70	7	11	20	200	185	10	17	163	199	12	10	81	27	138	21	28	130	19	5	6	13	29	63	14	22	130	63	16	5	70	1	17	106	0	30	52	26	22	1044	19	76	11	15	3	78	53	29	22	66	29	12	20	13	6	54	26	14	43	29	0	22	85	62	12	6	10	8	17	60	31	46	33	10	680	10	7	110	22	13	179	60	50	10	17	16	192	38	15674	0	116	39	22	4	105	116	56	22	14	46	59	197	2	16	28	108	79	98	69	1023	11	1	34	18	64	157	64	42
G[T>C]G	205	75	217	17	8	22	514	137	8	29	137	151	12	10	154	30	110	31	33	245	32	6	9	10	21	78	8	18	122	74	9	12	57	0	24	278	2	41	38	29	14	1178	28	77	13	27	7	93	53	46	24	54	26	7	26	10	4	42	28	18	43	22	0	16	103	64	11	8	10	12	17	46	33	54	54	12	1441	19	12	141	17	10	169	40	44	10	16	17	228	29	9192	4	155	40	30	6	270	176	73	28	10	44	53	233	1	11	38	213	79	110	81	1434	22	0	25	52	61	110	114	35
G[T>C]T	281	97	178	26	12	30	428	222	10	31	236	259	24	17	154	52	206	27	44	296	43	18	17	19	36	151	14	30	234	117	16	13	73	2	40	330	1	52	71	33	27	2388	29	97	19	42	13	149	115	65	46	119	64	41	35	21	9	67	39	27	96	39	0	46	142	88	30	12	9	30	31	68	56	82	70	15	825	32	14	158	26	21	282	86	84	18	24	35	383	49	19091	3	186	60	33	9	249	199	110	40	17	77	69	506	2	32	39	203	128	127	128	949	24	0	68	56	82	215	1679	70
T[T>C]A	273	119	268	15	11	26	782	235	9	28	1366	353	34	14	212	43	124	55	48	438	49	13	14	24	26	98	16	25	473	124	24	21	79	5	43	541	0	47	69	30	17	1158	49	96	21	58	12	192	78	69	19	141	53	22	35	21	5	72	44	31	80	39	0	41	135	81	31	11	13	24	43	84	71	95	93	11	1361	30	9	267	26	19	237	150	61	10	33	23	430	36	10030	4	271	61	30	1	434	267	97	34	12	62	92	427	5	25	76	301	208	172	100	898	21	0	67	78	89	145	923	82
T[T>C]C	308	69	96	10	30	31	272	213	5	21	356	235	20	9	97	31	184	22	51	163	37	15	15	10	28	68	22	26	207	87	24	14	92	0	34	168	0	53	72	24	24	1322	22	117	14	29	13	85	61	70	23	85	42	25	20	20	7	72	40	20	72	29	0	26	112	76	18	9	13	8	31	67	40	90	54	14	1090	17	15	166	20	8	295	105	74	10	14	14	288	39	7270	5	146	46	27	7	176	137	94	24	13	55	70	305	3	21	27	139	114	144	125	995	27	1	50	43	69	199	338	66
T[T>C]G	162	90	246	9	8	20	455	89	8	10	277	152	14	6	140	30	113	27	21	261	38	9	7	11	14	54	12	13	145	59	20	5	63	0	13	254	0	28	65	18	16	628	27	59	17	22	8	83	32	41	10	52	18	12	21	12	8	49	12	12	46	23	0	21	75	66	12	9	14	12	32	45	31	72	52	7	1368	16	10	146	13	9	169	56	59	6	8	20	235	27	4104	2	148	52	27	7	293	156	53	11	10	46	31	223	3	16	34	197	76	80	59	822	14	1	21	37	62	113	329	36
T[T>C]T	567	115	224	28	22	64	535	252	11	27	426	335	30	27	134	41	319	43	56	420	48	10	12	25	40	101	18	37	362	141	28	17	103	4	36	399	3	71	100	37	27	2052	35	165	39	50	16	103	95	86	48	164	65	30	42	30	5	82	40	30	103	44	1	41	177	87	34	15	19	23	90	83	53	101	95	17	2006	44	25	206	37	17	398	107	121	12	31	23	402	68	8914	6	223	74	38	12	293	216	167	40	13	88	92	476	3	24	51	269	191	197	155	1412	28	2	55	62	90	230	583	55
A[T>G]A	222	40	55	4	0	23	240	134	6	27	330	149	10	8	20	14	43	31	14	113	27	3	2	12	7	37	11	16	203	35	8	7	28	0	18	151	0	15	25	20	6	278	13	28	14	29	3	28	24	22	15	66	19	12	11	6	1	27	15	10	33	8	1	18	60	37	9	4	17	17	66	24	16	39	37	1	44	15	21	44	14	6	91	26	33	7	3	10	37	15	1779	0	47	17	26	2	113	38	135	5	10	33	43	76	1	8	21	85	110	68	63	44	8	0	22	39	31	58	131	22
A[T>G]C	96	24	21	5	2	5	53	34	3	5	62	56	6	3	18	7	45	29	8	53	27	2	1	3	2	19	6	1	61	21	10	2	10	0	11	46	0	14	13	7	6	70	17	21	4	23	3	16	19	16	8	14	7	8	2	4	0	27	10	7	17	9	0	15	29	20	4	3	2	8	10	12	27	18	46	0	85	4	2	24	6	3	119	18	11	3	2	2	16	3	2047	0	17	3	6	0	39	17	35	5	3	17	10	37	1	2	9	45	32	45	23	77	3	0	14	29	15	74	78	6
A[T>G]G	83	36	70	9	1	12	202	76	1	6	101	103	3	6	21	36	41	18	12	132	36	4	7	8	14	33	5	6	59	18	4	7	12	1	16	94	1	19	23	14	6	303	11	30	8	36	11	21	40	54	19	58	9	14	11	11	3	20	8	9	24	9	1	17	90	28	6	0	8	6	15	36	31	78	53	4	80	4	7	28	4	0	94	19	37	9	4	8	50	7	1010	1	33	22	3	1	106	36	34	7	9	43	30	49	1	13	24	85	40	96	64	65	15	1	10	34	26	66	143	20
A[T>G]T	534	71	75	3	4	18	146	95	1	21	383	505	6	17	43	26	535	72	16	111	73	2	3	14	11	47	8	7	427	26	7	10	22	0	26	119	0	32	37	13	15	166	28	176	12	55	13	36	25	40	23	78	16	25	20	10	4	40	17	14	39	15	0	21	67	32	4	4	3	11	31	42	42	47	115	6	223	8	7	64	17	6	1077	23	31	4	8	0	47	28	13486	0	48	28	13	4	100	53	92	17	10	35	33	109	0	3	38	133	130	102	57	220	7	0	23	63	27	518	184	16
C[T>G]A	168	20	57	11	1	19	182	46	3	9	153	79	4	2	19	10	36	13	14	86	14	1	3	9	9	15	0	4	113	15	3	7	8	0	7	95	0	10	14	6	2	260	10	27	19	17	2	27	21	19	11	41	8	8	9	7	0	15	5	7	25	11	0	7	48	15	0	3	2	2	56	23	11	26	20	1	81	1	11	31	10	2	86	3	12	3	0	4	31	15	2669	0	26	16	14	0	80	30	46	7	4	18	11	28	1	4	10	69	45	59	43	71	5	0	9	16	17	56	50	8
C[T>G]C	366	42	31	7	0	15	102	41	3	4	185	164	8	6	37	10	156	17	6	64	20	3	6	3	12	23	5	4	178	19	7	6	14	0	9	58	1	18	14	15	7	272	13	75	1	16	1	26	21	36	10	23	15	9	11	5	0	25	8	7	31	8	0	10	54	17	8	4	1	5	9	23	9	45	35	1	350	4	6	28	5	5	310	11	18	4	5	5	45	10	1309	0	43	9	6	2	92	53	28	3	3	26	13	70	0	3	16	58	59	65	57	303	3	0	19	15	16	270	76	6
C[T>G]G	238	46	59	9	0	17	320	92	5	14	157	165	7	4	38	21	96	16	26	130	17	7	6	8	13	30	4	4	110	44	5	2	17	0	9	140	0	24	28	11	9	213	20	65	7	30	4	26	53	61	11	53	18	9	15	7	0	25	9	6	42	10	0	7	91	26	7	2	3	11	33	49	10	81	32	5	468	7	11	35	10	4	229	8	33	4	9	13	40	20	2221	1	27	22	10	2	128	40	38	7	11	72	32	74	0	7	22	118	72	127	97	321	9	0	29	32	31	168	73	14
C[T>G]T	3100	80	62	13	1	34	193	173	6	35	1776	2740	11	4	45	21	2694	41	33	149	33	3	2	12	19	56	2	9	2587	68	13	9	25	0	13	122	0	139	43	14	103	356	19	701	33	27	10	54	36	49	16	167	21	15	61	7	2	37	20	19	40	26	0	13	76	38	5	3	3	10	64	62	21	65	50	3	616	4	8	72	25	7	3897	20	23	8	5	8	65	64	12751	0	83	36	36	0	292	70	199	15	18	54	93	121	1	5	25	114	420	137	107	711	6	0	22	57	41	2900	152	14
G[T>G]A	86	9	20	8	3	5	120	35	1	8	62	46	2	3	16	8	26	8	9	61	9	2	1	3	7	9	1	3	35	10	1	3	6	0	5	55	1	5	6	7	4	94	6	5	6	8	3	5	23	28	7	19	10	8	8	4	0	10	6	8	21	5	1	4	49	12	2	3	0	8	13	25	15	22	10	3	20	3	6	10	5	6	38	6	9	2	2	5	15	2	1053	1	16	7	9	1	35	13	43	7	3	21	22	19	0	1	11	42	36	44	34	36	3	1	5	6	8	32	30	9
G[T>G]C	106	15	11	3	1	8	50	31	0	5	71	74	4	1	14	2	42	7	6	27	9	3	1	2	6	12	0	1	50	7	3	1	6	0	3	29	0	3	6	12	6	58	3	26	1	2	4	11	12	16	4	17	3	4	3	1	1	13	4	7	8	6	0	8	24	9	2	2	3	3	13	13	3	25	14	2	42	4	7	12	9	3	89	10	5	1	2	2	12	4	1651	0	20	8	4	1	31	8	22	5	5	18	12	20	0	5	7	33	23	38	25	94	2	1	9	4	11	80	24	7
G[T>G]G	119	27	62	3	4	6	207	82	4	7	69	89	9	9	18	36	48	15	17	146	22	5	4	4	9	29	1	16	82	17	9	4	13	1	17	78	2	35	19	10	5	150	13	25	6	16	10	18	45	62	15	53	18	8	13	6	1	21	10	33	29	20	3	12	93	27	7	12	10	4	8	61	23	82	23	4	87	16	40	22	6	4	105	13	24	6	5	18	50	8	1067	2	23	12	5	3	119	24	36	13	9	48	52	38	3	11	14	86	39	108	102	125	3	5	18	20	21	71	158	28
G[T>G]T	885	34	33	10	2	23	107	87	1	23	416	711	7	8	21	16	684	12	21	74	21	2	3	4	11	30	5	9	591	21	7	5	19	0	10	57	0	37	20	19	27	133	13	196	12	23	5	17	22	34	11	69	9	11	9	3	4	29	17	9	28	15	2	11	58	13	3	7	9	5	16	32	19	49	21	0	280	6	9	41	11	5	1079	13	15	3	4	4	38	36	3989	1	27	14	9	4	120	29	69	11	8	39	48	75	2	7	12	66	122	67	79	516	8	2	14	17	17	736	224	14
T[T>G]A	259	43	72	9	1	29	284	169	3	28	652	232	13	7	30	25	60	34	14	184	24	3	3	11	15	37	5	9	342	26	15	10	22	1	19	125	0	16	31	9	8	233	14	30	25	29	10	34	30	26	17	95	19	16	12	5	2	42	17	13	36	16	0	12	69	26	7	1	3	11	114	29	33	53	29	5	42	10	48	42	16	7	122	11	24	3	9	12	37	15	8953	1	42	27	34	0	132	42	151	16	11	52	42	89	1	7	20	91	124	89	56	46	5	1	14	49	24	78	170	20
T[T>G]C	159	37	39	4	1	7	109	47	3	14	225	118	5	2	32	12	66	36	10	79	43	2	2	1	5	28	4	4	120	16	4	4	19	1	13	75	1	9	22	5	4	236	16	37	5	32	5	22	17	17	15	30	12	15	11	6	1	35	16	3	25	7	0	20	49	25	4	5	5	12	16	33	30	36	62	3	54	5	7	35	15	8	212	19	27	4	4	3	32	13	8103	1	29	13	12	1	65	38	56	14	4	37	15	77	0	4	32	76	60	86	40	85	6	0	25	47	21	118	108	10
T[T>G]G	136	37	83	9	1	18	302	58	4	5	219	128	13	4	28	16	60	34	17	146	38	10	5	7	15	39	7	9	112	20	10	4	32	0	16	126	1	21	38	15	12	223	21	38	13	30	5	20	39	52	16	71	13	17	20	7	2	34	12	7	31	19	0	9	63	17	5	4	10	9	41	42	40	68	56	3	210	6	6	38	18	7	141	10	27	4	9	10	46	14	2348	2	48	28	10	1	157	46	74	6	9	50	39	45	0	7	23	137	61	127	100	140	4	0	16	37	23	102	89	25
T[T>G]T	1070	108	135	22	6	39	370	167	7	50	1201	938	18	17	64	38	966	76	46	264	92	8	8	19	31	84	12	14	1045	85	20	22	62	2	33	229	0	77	77	37	56	479	36	363	38	72	11	62	73	82	29	210	31	36	43	11	5	79	35	35	91	28	0	37	168	85	18	14	14	25	108	89	59	103	124	9	513	13	27	119	37	16	2095	38	69	12	14	24	92	72	102642	0	93	54	51	3	233	114	207	34	25	100	86	176	1	12	43	204	333	204	125	533	15	2	45	105	77	1110	334	36
