Samples	SBS1	SBS2	SBS4	SBS5	SBS7a	SBS7b	SBS10a	SBS10b	SBS11	SBS13	SBS15	SBS17a	SBS17b	SBS19	SBS22a	SBS26	SBS28	SBS34	SBS44	SBS100
Biliary-AdenoCA::SP99325	23926	0	0	42558	0	0	0	0	0	0	0	0	0	0	0	66247	0	0	73798	0
Bladder-TCC::SP1059	0	10276	0	24839	0	0	0	0	0	15211	0	0	0	0	0	0	0	0	0	8859
Bladder-TCC::SP96136	512	17728	0	20687	0	0	0	0	0	12969	0	0	0	0	0	0	0	0	0	0
Breast-AdenoCA::SP117369	181	30514	0	939	0	0	0	0	0	24020	0	0	0	0	0	0	0	0	0	0
Breast-AdenoCA::SP2293	531	31885	0	1392	0	0	0	0	0	31257	0	0	0	0	0	0	0	0	0	0
CNS-GBM::SP25494	2243	0	0	12040	0	0	0	0	198942	0	0	0	0	31818	0	0	0	0	0	0
ColoRect-AdenoCA::SP18310	33489	0	0	24992	0	0	0	0	0	0	0	0	0	0	0	0	0	0	49746	0
ColoRect-AdenoCA::SP17172	33907	0	0	29832	0	0	0	0	0	0	0	0	0	0	0	11135	0	0	49488	0
ColoRect-AdenoCA::SP96133	14234	0	0	33155	0	0	0	0	0	0	0	0	0	0	0	0	0	0	33959	0
ColoRect-AdenoCA::SP110242	15222	0	15179	28044	0	0	0	0	0	0	0	0	0	0	0	0	0	0	55530	0
ColoRect-AdenoCA::SP21017	8430	0	0	28806	0	0	0	0	0	0	23555	0	0	0	0	0	0	0	27643	0
ColoRect-AdenoCA::SP22383	8090	0	0	25134	0	0	0	0	0	0	17474	0	4701	0	0	15520	0	0	26559	0
ColoRect-AdenoCA::SP81312	0	0	0	84413	0	0	277874	284492	0	0	80774	0	0	0	0	0	79934	0	0	0
ColoRect-AdenoCA::SP22031	4452	0	0	22126	0	0	118301	40955	0	0	0	0	0	0	0	0	48397	0	0	0
ColoRect-AdenoCA::SP19215	12906	0	0	14942	0	0	0	0	0	0	0	0	0	0	0	27473	0	0	39583	0
ColoRect-AdenoCA::SP16886	2305	0	0	89028	0	0	400486	105154	0	0	0	0	0	0	0	0	252309	0	0	0
ColoRect-AdenoCA::SP19295	6221	0	0	36253	0	0	130926	42840	0	0	0	0	0	0	0	0	43627	0	0	0
ColoRect-AdenoCA::SP17905	0	0	0	654227	0	0	950115	198756	0	0	0	0	0	0	0	0	629519	0	0	0
ColoRect-AdenoCA::SP18121	3100	0	0	20974	0	0	0	0	16535	0	16739	0	0	0	0	53227	0	0	50564	0
ColoRect-AdenoCA::SP21400	28386	0	0	187892	0	0	219862	206948	0	0	0	0	0	0	0	0	149952	0	0	0
ColoRect-AdenoCA::SP18946	17532	0	0	208984	0	0	441291	127740	0	0	0	0	0	0	0	0	165266	0	0	0
ColoRect-AdenoCA::SP80615	1045	0	0	458148	0	0	1043297	235890	0	0	0	0	0	0	0	0	688089	0	0	0
Eso-AdenoCA::SP111058	741	0	0	11170	0	0	0	0	0	0	0	12662	39410	0	0	0	0	0	0	0
Eso-AdenoCA::SP111066	390	0	0	22596	0	0	0	0	0	0	0	19117	37556	0	0	0	0	0	0	0
Eso-AdenoCA::SP111113	496	0	0	22148	0	0	0	0	0	0	0	13718	42778	0	0	0	0	0	0	0
Eso-AdenoCA::SP110865	1328	4709	0	27132	0	0	0	0	0	4951	0	5679	11952	0	0	0	0	0	0	0
Eso-AdenoCA::SP23502	1402	0	0	22482	0	0	0	0	0	0	0	15738	28508	0	0	0	6341	0	0	0
Eso-AdenoCA::SP111001	3736	0	0	22279	0	0	0	0	0	0	0	7325	26122	0	0	0	0	0	0	0
Eso-AdenoCA::SP111173	311	0	0	30507	0	0	0	0	0	0	0	22094	38668	0	0	0	14014	0	0	0
Eso-AdenoCA::SP111091	847	3401	0	16685	0	0	0	0	0	0	0	12642	21003	0	0	0	0	0	0	0
Eso-AdenoCA::SP111175	3084	0	0	36503	0	0	0	0	0	0	0	15947	68439	0	0	0	0	0	0	0
Eso-AdenoCA::SP111114	3719	0	0	23871	0	0	0	0	0	0	0	7945	22074	0	0	0	0	0	0	0
Head-SCC::SP30113	0	0	0	35914	0	0	0	0	0	0	0	0	0	0	8538	0	0	0	0	43171
Head-SCC::SP30332	68	0	0	24801	0	0	0	0	0	0	0	0	0	0	4811	0	0	0	0	22827
Head-SCC::SP30675	0	0	0	30033	0	0	0	0	0	0	0	0	0	0	0	0	0	0	0	33152
Liver-HCC::SP98090	0	0	0	55286	0	0	0	0	0	0	0	0	0	0	8400	0	0	0	0	0
Lung-AdenoCA::SP53460	35	0	0	12397	0	0	0	0	0	0	0	0	0	0	5202	0	0	0	0	35900
Lung-AdenoCA::SP54113	0	5239	0	34802	0	0	0	0	0	5710	0	0	0	0	8493	0	0	0	0	56083
Lung-AdenoCA::SP55235	46	4622	69076	36039	0	0	0	0	0	4020	0	0	0	0	0	0	0	0	0	0
Lung-AdenoCA::SP50611	333	0	20740	11451	0	0	0	0	0	0	0	0	0	0	0	0	0	0	0	20880
Lung-AdenoCA::SP55142	0	12784	0	45465	0	0	0	0	0	15977	0	0	0	0	11141	0	0	0	0	71676
Lung-AdenoCA::SP53618	171	0	25272	13256	0	0	0	0	0	0	0	0	0	0	0	0	0	0	0	22623
Lung-AdenoCA::SP53810	364	0	166156	19064	0	0	0	0	0	0	0	0	0	0	0	0	0	0	0	0
Lung-AdenoCA::SP55509	0	0	0	17259	0	0	0	0	0	0	0	0	0	0	0	0	0	0	0	48876
Lung-SCC::SP56553	519	23659	31951	33333	0	0	0	0	0	44420	0	0	0	0	0	0	0	0	0	0
Lung-SCC::SP57941	122	0	0	19206	0	0	0	0	0	0	0	0	0	0	6054	0	0	0	0	50120
Lung-SCC::SP57818	232	2055	17171	8168	0	0	0	0	0	2881	0	0	0	0	0	0	0	0	0	19592
Lung-SCC::SP56704	0	0	0	23849	0	0	0	0	0	0	0	0	0	0	4695	0	0	0	0	25204
Lung-SCC::SP59245	69	6597	0	20286	0	0	0	0	0	7173	0	0	0	0	0	0	0	0	0	20995
Lung-SCC::SP57933	31	3241	0	19579	0	0	0	0	0	6012	0	0	0	0	4057	0	0	0	0	24627
Lung-SCC::SP57669	16	0	0	21266	0	0	0	0	0	0	0	0	0	0	4711	0	0	0	0	24729
Lung-SCC::SP58342	1661	3914	0	32491	0	0	0	0	0	6835	0	0	0	0	0	0	0	0	0	29323
Lung-SCC::SP57619	0	0	0	19197	0	0	0	0	0	0	0	0	0	0	3915	0	0	0	0	30670
Lung-SCC::SP58245	0	0	0	32917	0	0	0	0	0	0	0	0	0	0	0	0	0	0	0	26260
Lung-SCC::SP57251	0	3609	0	22533	0	0	0	0	0	4041	0	0	0	0	4140	0	0	0	0	17780
Lung-SCC::SP58668	0	2382	0	26313	0	0	0	0	0	3561	0	0	0	0	7698	0	0	0	0	26016
Lung-SCC::SP58326	0	0	0	27969	0	0	0	0	0	0	0	0	0	0	6431	0	0	0	0	37125
Lung-SCC::SP57267	0	0	0	26171	0	0	0	0	0	0	0	0	0	0	0	0	0	0	0	25220
Lung-SCC::SP57066	224	2029	0	18546	0	0	0	0	0	2324	0	0	0	0	5558	0	0	0	0	29232
Lung-SCC::SP57846	380	8634	19012	16367	0	0	0	0	0	9571	0	0	0	0	0	0	0	0	0	0
Lung-SCC::SP57189	0	3794	0	33731	0	0	0	0	0	5731	0	0	0	0	9197	0	0	0	0	61393
Lymph-BNHL::SP116668	369	0	0	25694	0	0	0	0	0	0	0	9504	23424	0	0	0	7910	0	0	0
Lymph-BNHL::SP116697	2055	7837	0	78623	0	0	6460	0	0	5300	0	0	12254	0	0	0	0	0	0	0
Panc-AdenoCA::SP125732	26871	0	0	0	0	0	0	0	0	0	0	0	6302	0	0	33278	0	0	29294	0
Panc-AdenoCA::SP125770	1388	0	13541	3712	0	0	0	0	0	0	0	0	0	0	0	29329	0	0	7484	0
Skin-Melanoma::SP124389	0	0	0	3506	53443	13924	0	0	0	0	0	0	0	0	0	0	0	0	0	0
Skin-Melanoma::SP124362	0	0	0	1775	173217	39818	0	0	0	0	0	0	0	0	0	0	0	0	0	0
Skin-Melanoma::SP124394	0	0	0	0	83965	21911	0	0	0	0	0	0	0	0	0	0	0	0	0	0
Skin-Melanoma::SP124334	0	0	0	8520	63545	15699	0	0	0	0	0	0	0	0	0	0	0	0	0	0
Skin-Melanoma::SP124454	119	0	0	3499	47338	7859	0	0	0	0	0	0	0	0	0	0	0	0	0	0
Skin-Melanoma::SP124380	0	0	0	12361	116501	34109	0	0	0	0	0	0	0	0	0	0	0	0	0	0
Skin-Melanoma::SP124399	0	0	0	6252	114832	23291	0	0	0	0	0	0	0	0	0	0	0	0	0	0
Skin-Melanoma::SP124311	0	0	0	19384	59945	30050	0	0	0	0	0	0	0	0	0	0	0	0	0	0
Skin-Melanoma::SP124434	102	0	0	9334	59922	15903	0	0	0	0	0	0	0	0	0	0	0	0	0	0
Skin-Melanoma::SP124428	0	0	0	11121	245633	48935	0	0	0	0	0	0	0	0	0	0	0	0	0	0
Skin-Melanoma::SP124449	0	0	0	4863	119290	13834	0	0	0	0	0	0	0	0	0	0	0	0	0	0
Skin-Melanoma::SP124298	0	0	0	9328	223332	134056	0	0	0	0	0	0	0	0	0	0	0	0	0	0
Skin-Melanoma::SP124431	0	0	0	10160	50732	31760	0	0	0	0	0	0	0	0	0	0	0	0	0	0
Skin-Melanoma::SP124409	0	0	0	0	245674	0	0	0	0	0	0	0	0	0	0	0	0	0	0	0
Skin-Melanoma::SP124376	129	0	0	4607	41769	8663	0	0	0	0	0	0	0	0	0	0	0	0	0	0
Skin-Melanoma::SP124439	0	0	0	27252	224597	67834	0	0	0	0	0	0	0	0	0	0	0	0	0	0
Skin-Melanoma::SP124406	0	0	0	8450	49729	15575	0	0	0	0	0	0	0	0	0	0	0	0	0	0
Skin-Melanoma::SP124382	0	0	0	22962	298170	157829	0	0	0	0	0	0	0	0	0	0	0	0	0	0
Skin-Melanoma::SP124415	0	0	0	0	859178	0	0	0	0	0	0	0	0	0	0	0	0	0	0	0
Skin-Melanoma::SP124436	0	0	0	22803	245236	50776	0	0	0	0	0	0	0	0	0	0	0	0	0	0
Skin-Melanoma::SP124460	0	0	0	5819	131207	26952	0	0	0	0	0	0	0	0	0	0	0	0	0	0
Skin-Melanoma::SP124425	0	0	0	9315	62551	19652	0	0	0	0	0	0	0	0	0	0	0	0	0	0
Skin-Melanoma::SP124367	0	0	0	13597	109056	33314	0	0	0	0	0	0	0	0	0	0	0	0	0	0
Skin-Melanoma::SP124377	0	0	0	7327	35192	18500	0	0	0	0	0	0	0	0	0	0	0	0	0	0
Skin-Melanoma::SP124412	0	0	0	6894	57025	13369	0	0	0	0	0	0	0	0	0	0	0	0	0	0
Skin-Melanoma::SP124329	0	0	0	2674	40987	8065	0	0	0	0	0	0	0	0	0	0	0	0	0	0
Skin-Melanoma::SP124326	0	0	0	2979	46045	12266	0	0	0	0	0	0	0	0	0	0	0	0	0	0
Skin-Melanoma::SP124458	0	0	0	11263	110302	39946	0	0	0	0	0	0	0	0	0	0	0	0	0	0
Skin-Melanoma::SP124401	0	0	0	23178	278982	133805	0	0	0	0	0	0	0	0	0	0	0	0	0	0
Skin-Melanoma::SP124384	5250	0	0	32774	103852	35906	0	0	0	0	0	0	0	0	0	0	0	0	0	0
Skin-Melanoma::SP124462	0	0	0	5995	84497	23679	0	0	0	0	0	0	0	0	0	0	0	0	0	0
Skin-Melanoma::SP124452	0	0	0	5602	63283	23024	0	0	0	0	0	0	0	0	0	0	0	0	0	0
Skin-Melanoma::SP124386	116	0	0	4673	88380	22666	0	0	0	0	0	0	0	0	0	0	0	0	0	0
Skin-Melanoma::SP124418	0	0	0	9104	83356	14921	0	0	0	0	0	0	0	0	0	0	0	0	0	0
Skin-Melanoma::SP124319	0	0	0	6120	174313	24868	0	0	0	0	0	0	0	0	0	0	0	0	0	0
Skin-Melanoma::SP124447	0	0	0	51113	291101	101877	0	0	0	0	0	0	0	0	0	0	0	0	0	0
Skin-Melanoma::SP124369	0	0	0	6518	100690	33249	0	0	0	0	0	0	0	0	0	0	0	0	0	0
Skin-Melanoma::SP124365	0	0	0	9766	53424	12346	0	0	0	0	0	0	0	0	0	0	0	0	0	0
Skin-Melanoma::SP124420	0	0	0	3258	54032	13854	0	0	0	0	0	0	0	0	0	0	0	0	0	0
Skin-Melanoma::SP124364	43	0	0	9141	78546	21684	0	0	0	0	0	0	0	0	0	0	0	0	0	0
Skin-Melanoma::SP124307	0	0	0	6428	96050	19032	0	0	0	0	0	0	0	0	0	0	0	0	0	0
Skin-Melanoma::SP82445	0	0	0	72327	597963	74263	0	0	0	0	0	0	0	0	0	0	0	0	0	0
Skin-Melanoma::SP83242	0	0	0	8889	43909	20450	0	0	0	0	0	0	0	0	0	0	0	0	0	0
Skin-Melanoma::SP103894	0	0	0	13822	107878	37649	0	0	0	0	0	0	0	0	0	0	0	0	0	0
Skin-Melanoma::SP83382	213	0	0	6464	39683	12522	0	0	0	0	0	0	0	0	0	0	0	0	0	0
Skin-Melanoma::SP82451	444	0	0	9984	29316	11789	0	0	0	0	0	0	0	0	0	0	0	0	0	0
Skin-Melanoma::SP83312	79	0	0	6776	38436	12451	0	0	0	0	0	0	0	0	0	0	0	0	0	0
Skin-Melanoma::SP82614	0	0	0	4494	36934	16016	0	0	0	0	0	0	0	0	0	0	0	0	0	0
Skin-Melanoma::SP82431	0	0	0	62604	213630	97114	0	0	0	0	0	0	0	0	0	0	0	0	0	0
Skin-Melanoma::SP82459	0	0	0	2164	59009	17113	0	0	0	0	0	0	0	0	0	0	0	0	0	0
Skin-Melanoma::SP82532	0	0	0	24038	85280	103571	0	0	0	0	0	0	0	0	0	0	0	0	0	0
Skin-Melanoma::SP83482	0	0	0	6002	46573	16108	0	0	0	0	0	0	0	0	0	0	0	0	0	0
Skin-Melanoma::SP104530	27	0	0	14588	44618	12129	0	0	0	0	0	0	0	0	0	0	0	0	0	0
Skin-Melanoma::SP82644	0	0	0	4350	197546	38617	0	0	0	0	0	0	0	0	0	0	0	0	0	0
Skin-Melanoma::SP82988	1177	0	0	0	91246	0	0	0	0	0	0	0	0	0	0	0	0	0	0	0
Skin-Melanoma::SP82461	191	0	0	7585	54745	22198	0	0	0	0	0	0	0	0	0	0	0	0	0	0
Skin-Melanoma::SP82900	0	0	0	23868	229458	26488	0	0	0	0	0	0	0	0	0	0	0	0	0	0
Skin-Melanoma::SP82399	0	0	0	7017	83904	25374	0	0	0	0	0	0	0	0	0	0	0	0	0	0
Skin-Melanoma::SP82417	0	0	0	5544	200853	44348	0	0	0	0	0	0	0	0	0	0	0	0	0	0
Skin-Melanoma::SP104056	0	0	0	36268	218862	78874	0	0	0	0	0	0	0	0	0	0	0	0	0	0
Skin-Melanoma::SP83083	228	0	0	9260	47404	18785	0	0	0	0	0	0	0	0	0	0	0	0	0	0
Skin-Melanoma::SP83019	58	0	0	8543	70143	19379	0	0	0	0	0	0	0	0	0	0	0	0	0	0
Skin-Melanoma::SP83146	110	0	0	25058	282475	40243	0	0	0	0	0	0	0	0	0	0	0	0	0	0
Skin-Melanoma::SP103866	0	0	0	4679	69698	20510	0	0	0	0	0	0	0	0	0	0	0	0	0	0
Skin-Melanoma::SP83844	116	0	0	7134	39368	10569	0	0	0	0	0	0	0	0	0	0	0	0	0	0
Stomach-AdenoCA::SP135287	8703	0	0	12680	0	0	0	0	0	0	19420	0	0	0	0	11989	0	0	13782	0
Stomach-AdenoCA::SP85122	20675	0	0	28430	0	0	0	0	0	0	0	0	0	0	0	0	0	0	31554	0
Stomach-AdenoCA::SP84384	15583	0	0	17375	0	0	0	0	0	0	32608	0	0	0	0	25332	0	0	27539	0
Stomach-AdenoCA::SP84491	1767	0	0	19553	0	0	0	0	0	0	0	10182	27079	0	0	0	6126	0	0	0
Stomach-AdenoCA::SP84743	1529	0	0	26557	0	0	0	0	0	0	0	6341	19672	0	0	0	5907	0	0	0
Stomach-AdenoCA::SP84982	6356	0	0	12252	0	0	0	0	0	0	0	3788	9320	0	0	10827	0	0	21500	0
Stomach-AdenoCA::SP84392	13033	0	0	23460	0	0	0	0	0	0	0	0	0	0	0	24425	0	0	43702	0
Stomach-AdenoCA::SP105018	1245	2594	0	32231	0	0	0	0	0	6351	0	0	0	0	0	0	0	0	0	16383
Stomach-AdenoCA::SP84439	11123	0	0	105074	0	0	0	0	0	0	46211	0	0	0	0	110670	0	0	116137	0
Stomach-AdenoCA::SP84922	1287	0	0	17755	0	0	0	0	0	0	0	11887	30414	0	0	0	6686	0	0	0
Uterus-AdenoCA::SP90209	55817	0	0	22628	0	0	0	0	0	0	236654	0	0	0	0	0	0	0	234830	0
Uterus-AdenoCA::SP93540	8705	0	0	23580	0	0	0	0	0	0	0	0	0	0	0	0	0	0	33412	0
Uterus-AdenoCA::SP93227	109796	0	0	0	0	0	95724	0	0	0	0	0	0	0	0	0	0	0	722698	0
Uterus-AdenoCA::SP94933	2306	0	0	23499	0	0	0	0	0	0	0	0	0	0	0	30756	0	5881	0	0
Uterus-AdenoCA::SP92364	6022	0	0	14231	0	0	0	0	0	0	0	0	0	0	0	77816	0	0	17282	0
Uterus-AdenoCA::SP92659	4200	0	0	16912	0	0	171963	37468	0	0	0	0	0	0	0	0	51719	0	0	0
