Samples	SBS96A	SBS96B	SBS96C	SBS96D	SBS96E	SBS96F
Biliary-AdenoCA::SP99325	8.18E+01	7.64E+01	3.31E+03	2.51E+02	1.56E+02	3.77E+03
Bladder-TCC::SP1059	2.96E+02	1.44E+01	1.73E+02	5.33E+02	3.20E+01	5.95E+02
Bladder-TCC::SP96136	5.15E+02	2.11E+01	2.34E+02	6.70E+02	2.07E+01	8.32E+02
Breast-AdenoCA::SP117369	8.67E+02	1.27E+01	1.94E+01	1.08E+03	2.16E+00	1.86E+03
Breast-AdenoCA::SP2293	9.38E+02	2.50E+01	1.79E+01	1.38E+03	9.83E-01	2.21E+03
CNS-GBM::SP25494	9.09E+02	0.00E+00	1.22E+03	6.00E+00	2.00E-02	4.18E+02
ColoRect-AdenoCA::SP18310	9.67E+01	8.26E+01	5.96E+02	6.62E+01	1.28E+01	8.13E+02
ColoRect-AdenoCA::SP17172	8.97E+01	7.89E+01	9.59E+02	1.13E+02	2.39E+01	1.21E+03
ColoRect-AdenoCA::SP96133	6.56E+01	3.96E+01	5.28E+02	1.45E+02	1.82E+01	7.47E+02
ColoRect-AdenoCA::SP110242	1.09E+02	5.33E+01	8.32E+02	2.29E+02	2.73E+01	1.18E+03
ColoRect-AdenoCA::SP21017	8.38E+01	5.49E+01	4.37E+02	1.57E+02	1.75E+01	6.80E+02
ColoRect-AdenoCA::SP22383	8.33E+01	3.70E+01	7.84E+02	1.94E+02	4.55E+01	1.08E+03
ColoRect-AdenoCA::SP81312	8.24E+02	7.24E+02	6.16E+02	2.75E+00	0.00E+00	8.92E+02
ColoRect-AdenoCA::SP22031	4.67E+01	1.72E+02	1.78E+02	3.27E+01	2.00E+01	5.75E+01
ColoRect-AdenoCA::SP19215	6.34E+01	2.83E+01	1.31E+03	1.13E+02	8.26E+01	1.55E+03
ColoRect-AdenoCA::SP16886	1.43E+02	3.72E+02	2.84E+02	1.92E+02	1.79E+02	3.67E+02
ColoRect-AdenoCA::SP19295	6.82E+01	2.34E+02	2.34E+02	1.90E+01	3.31E+01	8.34E+01
ColoRect-AdenoCA::SP17905	2.88E+02	1.22E+03	3.96E+03	1.39E+03	1.89E+03	7.92E+03
ColoRect-AdenoCA::SP18121	1.01E+02	4.00E+01	2.50E+03	2.87E+02	1.07E+02	2.95E+03
ColoRect-AdenoCA::SP21400	5.50E+02	4.31E+02	1.19E+03	0.00E+00	1.10E+02	1.79E+03
ColoRect-AdenoCA::SP18946	1.97E+02	5.77E+02	4.35E+02	1.72E+02	7.02E+01	1.09E+03
ColoRect-AdenoCA::SP80615	3.21E+02	1.23E+03	1.13E+03	7.33E+02	1.02E+03	3.53E+03
Eso-AdenoCA::SP111058	2.15E+01	3.00E+01	8.45E+01	4.61E+01	9.03E+01	5.22E+01
Eso-AdenoCA::SP111066	7.99E+01	3.53E+01	1.09E+02	1.84E+02	1.52E+02	3.00E+02
Eso-AdenoCA::SP111113	2.21E+01	3.46E+01	1.03E+02	4.80E+01	9.81E+01	2.37E+01
Eso-AdenoCA::SP110865	1.08E+02	2.02E+01	1.46E+02	1.71E+02	4.35E+01	1.18E+02
Eso-AdenoCA::SP23502	5.09E+01	3.21E+01	1.14E+02	6.39E+01	9.34E+01	2.89E+01
Eso-AdenoCA::SP111001	5.39E+01	2.30E+01	7.00E+01	5.51E+01	9.98E+01	9.76E+01
Eso-AdenoCA::SP111173	5.09E+01	5.00E+01	2.13E+02	6.23E+01	1.89E+02	2.99E+02
Eso-AdenoCA::SP111091	6.02E+01	2.43E+01	7.98E+01	6.16E+01	6.73E+01	5.74E+01
Eso-AdenoCA::SP111175	3.58E+01	5.70E+01	1.45E+02	7.70E+01	1.52E+02	6.69E+01
Eso-AdenoCA::SP111114	6.05E+01	2.70E+01	1.01E+02	1.40E+02	9.76E+01	1.68E+02
Head-SCC::SP30113	1.13E+02	3.75E+01	1.00E+02	2.95E+02	2.32E+01	3.68E+02
Head-SCC::SP30332	5.82E+01	2.33E+01	9.12E+01	1.80E+02	1.56E+01	2.56E+02
Head-SCC::SP30675	8.34E+01	2.78E+01	7.72E+01	1.95E+02	1.53E+01	2.60E+02
Liver-HCC::SP98090	2.46E+01	1.35E+01	8.12E+02	4.90E+02	1.60E+02	1.42E+03
Lung-AdenoCA::SP53460	5.64E+01	2.37E+01	2.15E+01	1.25E+02	6.04E+00	1.26E+02
Lung-AdenoCA::SP54113	1.39E+02	4.77E+01	1.02E+02	1.88E+02	2.01E+01	2.76E+02
Lung-AdenoCA::SP55235	8.74E+01	5.25E+01	6.59E+01	2.63E+02	1.56E+01	3.00E+02
Lung-AdenoCA::SP50611	6.85E+01	2.37E+01	2.71E+01	1.28E+02	6.45E+00	1.26E+02
Lung-AdenoCA::SP55142	2.89E+02	5.38E+01	1.45E+02	3.48E+02	2.56E+01	5.38E+02
Lung-AdenoCA::SP53618	6.62E+01	2.89E+01	2.57E+01	1.69E+02	7.72E+00	1.66E+02
Lung-AdenoCA::SP53810	1.75E+02	7.29E+01	5.88E+01	4.60E+02	1.97E+01	4.15E+02
Lung-AdenoCA::SP55509	7.54E+01	3.28E+01	2.23E+01	1.37E+02	8.41E+00	1.49E+02
Lung-SCC::SP56553	6.30E+02	2.77E+01	1.72E+02	1.66E+03	2.32E+01	2.04E+03
Lung-SCC::SP57941	8.69E+01	3.30E+01	3.65E+01	2.33E+02	1.06E+01	2.42E+02
Lung-SCC::SP57818	6.57E+01	2.30E+01	1.96E+01	5.78E+01	5.75E+00	1.22E+02
Lung-SCC::SP56704	6.15E+01	2.51E+01	8.18E+01	2.43E+02	1.66E+01	3.12E+02
Lung-SCC::SP59245	1.51E+02	1.62E+01	7.53E+01	2.02E+02	1.44E+01	2.70E+02
Lung-SCC::SP57933	8.91E+01	2.26E+01	8.63E+01	1.02E+02	1.36E+01	1.69E+02
Lung-SCC::SP57669	5.46E+01	2.26E+01	1.06E+02	2.30E+02	2.24E+01	3.19E+02
Lung-SCC::SP58342	1.06E+02	2.45E+01	2.54E+02	1.13E+02	2.22E+01	2.68E+02
Lung-SCC::SP57619	6.41E+01	2.58E+01	6.15E+01	1.91E+02	1.24E+01	2.36E+02
Lung-SCC::SP58245	7.26E+01	2.64E+01	1.47E+02	2.36E+02	2.32E+01	3.56E+02
Lung-SCC::SP57251	8.89E+01	2.09E+01	1.35E+02	8.92E+01	2.23E+01	1.57E+02
Lung-SCC::SP58668	7.94E+01	3.10E+01	1.23E+02	2.09E+02	2.47E+01	2.97E+02
Lung-SCC::SP58326	8.52E+01	3.47E+01	9.72E+01	3.07E+02	1.98E+01	3.83E+02
Lung-SCC::SP57267	5.58E+01	2.57E+01	1.02E+02	1.92E+02	1.71E+01	2.77E+02
Lung-SCC::SP57066	6.13E+01	2.69E+01	6.70E+01	1.48E+02	1.23E+01	1.99E+02
Lung-SCC::SP57846	2.12E+02	1.37E+01	8.11E+01	3.26E+02	8.06E+00	4.30E+02
Lung-SCC::SP57189	1.34E+02	5.25E+01	1.02E+02	2.66E+02	2.19E+01	3.39E+02
Lymph-BNHL::SP116668	2.08E+01	2.95E+01	1.52E+02	5.48E+01	1.02E+02	2.36E+02
Lymph-BNHL::SP116697	1.57E+02	3.33E+01	5.93E+02	1.80E+02	1.19E+02	4.46E+02
Panc-AdenoCA::SP125732	5.22E+01	5.36E+01	1.05E+03	2.85E+01	5.94E+01	1.21E+03
Panc-AdenoCA::SP125770	1.86E+01	3.47E+01	9.97E+02	1.44E+02	1.44E+02	1.23E+03
Skin-Melanoma::SP124389	1.20E+03	5.62E+00	1.49E+01	1.24E+01	3.07E+00	1.21E+03
Skin-Melanoma::SP124362	3.68E+03	1.69E+01	3.92E+01	2.45E+01	6.47E+00	3.71E+03
Skin-Melanoma::SP124394	1.83E+03	8.67E+00	2.60E+01	9.92E+00	4.70E+00	1.84E+03
Skin-Melanoma::SP124334	1.42E+03	9.05E+00	3.85E+01	1.64E+01	9.44E+00	1.42E+03
Skin-Melanoma::SP124454	9.55E+02	5.25E+00	1.65E+01	1.11E+01	3.41E+00	9.61E+02
Skin-Melanoma::SP124380	2.73E+03	1.38E+01	3.72E+01	2.12E+01	1.42E+01	2.75E+03
Skin-Melanoma::SP124399	2.50E+03	1.24E+01	4.73E+01	2.63E+01	1.09E+01	2.52E+03
Skin-Melanoma::SP124311	1.67E+03	1.43E+01	9.22E+01	5.92E+01	4.72E+01	1.70E+03
Skin-Melanoma::SP124434	1.37E+03	8.74E+00	1.89E+01	1.53E+01	5.20E+00	1.38E+03
Skin-Melanoma::SP124428	5.29E+03	2.38E+01	5.26E+01	4.23E+01	1.03E+01	5.33E+03
Skin-Melanoma::SP124449	2.39E+03	1.13E+01	3.26E+01	2.03E+01	5.93E+00	2.40E+03
Skin-Melanoma::SP124298	6.01E+03	2.97E+01	9.77E+01	6.03E+01	1.63E+01	6.07E+03
Skin-Melanoma::SP124431	1.40E+03	9.92E+00	3.73E+01	3.19E+01	8.88E+00	1.42E+03
Skin-Melanoma::SP124409	4.37E+03	1.84E+01	4.85E+01	2.80E+01	8.52E+00	4.40E+03
Skin-Melanoma::SP124376	9.05E+02	5.03E+00	1.38E+01	9.54E+00	3.06E+00	9.12E+02
Skin-Melanoma::SP124439	5.33E+03	2.93E+01	3.81E+01	4.88E+01	2.32E+01	5.35E+03
Skin-Melanoma::SP124406	1.11E+03	8.15E+00	1.49E+01	2.00E+01	1.11E+01	1.11E+03
Skin-Melanoma::SP124382	7.87E+03	3.95E+01	1.28E+02	8.64E+01	3.73E+01	7.94E+03
Skin-Melanoma::SP124415	1.51E+04	6.59E+01	4.54E+01	1.52E+02	4.20E+01	1.51E+04
Skin-Melanoma::SP124436	5.22E+03	2.99E+01	1.57E+02	1.08E+02	4.37E+01	5.25E+03
Skin-Melanoma::SP124460	2.82E+03	1.30E+01	3.24E+01	2.84E+01	1.12E+01	2.83E+03
Skin-Melanoma::SP124425	1.47E+03	9.19E+00	4.24E+01	1.94E+01	1.13E+01	1.47E+03
Skin-Melanoma::SP124367	2.41E+03	1.31E+01	3.26E+01	2.19E+01	2.26E+01	2.42E+03
Skin-Melanoma::SP124377	9.44E+02	7.55E+00	3.10E+01	1.77E+01	1.03E+01	9.55E+02
Skin-Melanoma::SP124412	1.22E+03	8.13E+00	1.87E+01	5.13E+01	4.79E+00	1.23E+03
Skin-Melanoma::SP124329	8.88E+02	5.08E+00	1.86E+01	8.95E+00	4.86E+00	8.91E+02
Skin-Melanoma::SP124326	9.74E+02	6.74E+00	2.05E+01	1.83E+01	4.31E+00	9.74E+02
Skin-Melanoma::SP124458	2.65E+03	1.72E+01	3.81E+01	2.81E+01	8.50E+00	2.68E+03
Skin-Melanoma::SP124401	6.86E+03	3.37E+01	1.02E+02	4.74E+01	1.59E+01	6.91E+03
Skin-Melanoma::SP124384	2.46E+03	2.20E+01	2.21E+02	4.91E+01	9.02E+00	2.52E+03
Skin-Melanoma::SP124462	1.91E+03	1.05E+01	3.66E+01	1.97E+01	8.88E+00	1.93E+03
Skin-Melanoma::SP124452	1.49E+03	7.58E+00	2.84E+01	1.46E+01	5.51E+00	1.50E+03
Skin-Melanoma::SP124386	1.94E+03	9.89E+00	3.21E+01	1.95E+01	3.98E+00	1.96E+03
Skin-Melanoma::SP124418	1.81E+03	1.04E+01	2.98E+01	3.39E+01	1.01E+01	1.82E+03
Skin-Melanoma::SP124319	3.64E+03	1.58E+01	2.52E+01	1.59E+01	6.81E+00	3.65E+03
Skin-Melanoma::SP124447	7.33E+03	3.81E+01	1.05E+02	6.70E+01	2.81E+01	7.40E+03
Skin-Melanoma::SP124369	2.34E+03	1.25E+01	4.04E+01	2.85E+01	6.93E+00	2.36E+03
Skin-Melanoma::SP124365	1.20E+03	8.40E+00	5.13E+01	2.86E+01	9.93E+00	1.20E+03
Skin-Melanoma::SP124420	1.19E+03	6.66E+00	2.63E+01	1.15E+01	3.80E+00	1.20E+03
Skin-Melanoma::SP124364	1.77E+03	1.06E+01	3.26E+01	2.38E+01	6.26E+00	1.79E+03
Skin-Melanoma::SP124307	2.05E+03	1.03E+01	2.60E+01	1.78E+01	5.56E+00	2.07E+03
Skin-Melanoma::SP82445	1.30E+04	5.72E+01	6.92E+01	9.85E+01	3.30E+01	1.31E+04
Skin-Melanoma::SP83242	1.06E+03	8.23E+00	1.48E+01	5.30E+01	5.39E+00	1.08E+03
Skin-Melanoma::SP103894	2.59E+03	1.41E+01	7.39E+01	2.19E+01	1.99E+01	2.60E+03
Skin-Melanoma::SP83382	9.51E+02	5.74E+00	1.69E+01	1.20E+01	3.74E+00	9.61E+02
Skin-Melanoma::SP82451	6.98E+02	7.09E+00	4.53E+01	2.31E+01	5.92E+00	7.05E+02
Skin-Melanoma::SP83312	9.06E+02	7.15E+00	2.19E+01	1.46E+01	7.40E+00	9.14E+02
Skin-Melanoma::SP82614	9.26E+02	7.06E+00	2.20E+01	1.34E+01	7.66E+00	9.35E+02
Skin-Melanoma::SP82431	6.02E+03	3.38E+01	8.58E+01	6.79E+01	7.70E+01	6.06E+03
Skin-Melanoma::SP82459	1.29E+03	8.28E+00	4.20E+01	1.44E+01	7.07E+00	1.30E+03
Skin-Melanoma::SP82532	3.03E+03	1.68E+01	6.40E+01	2.86E+01	1.85E+01	3.04E+03
Skin-Melanoma::SP83482	1.07E+03	9.55E+00	2.25E+01	1.48E+01	1.09E+01	1.07E+03
Skin-Melanoma::SP104530	9.47E+02	9.68E+00	5.86E+01	3.33E+01	1.00E+01	9.51E+02
Skin-Melanoma::SP82644	4.16E+03	1.87E+01	4.81E+01	2.91E+01	9.27E+00	4.19E+03
Skin-Melanoma::SP82988	1.61E+03	9.07E+00	2.33E+01	1.34E+01	4.77E+00	1.62E+03
Skin-Melanoma::SP82461	1.35E+03	8.36E+00	3.12E+01	1.62E+01	6.09E+00	1.35E+03
Skin-Melanoma::SP82900	4.77E+03	2.04E+01	3.55E+01	3.64E+01	1.53E+01	4.78E+03
Skin-Melanoma::SP82399	1.92E+03	1.16E+01	3.79E+01	2.29E+01	9.79E+00	1.93E+03
Skin-Melanoma::SP82417	4.34E+03	1.86E+01	4.55E+01	5.60E+00	1.04E+01	4.36E+03
Skin-Melanoma::SP104056	5.68E+03	2.90E+01	2.18E+02	1.19E+02	7.94E+01	5.73E+03
Skin-Melanoma::SP83083	1.20E+03	7.82E+00	3.18E+01	1.49E+01	7.46E+00	1.21E+03
Skin-Melanoma::SP83019	1.62E+03	8.81E+00	3.00E+01	1.53E+01	6.31E+00	1.64E+03
Skin-Melanoma::SP83146	6.03E+03	2.87E+01	5.57E+01	3.40E+01	1.10E+01	6.06E+03
Skin-Melanoma::SP103866	1.60E+03	8.47E+00	3.56E+01	1.26E+01	8.70E+00	1.61E+03
Skin-Melanoma::SP83844	9.15E+02	5.57E+00	2.63E+01	1.25E+01	7.42E+00	9.21E+02
Stomach-AdenoCA::SP135287	5.01E+01	3.88E+01	5.79E+02	8.62E+01	2.22E+01	7.48E+02
Stomach-AdenoCA::SP85122	6.43E+01	4.92E+01	6.02E+02	1.07E+02	1.29E+01	8.01E+02
Stomach-AdenoCA::SP84384	7.19E+01	5.69E+01	1.20E+03	6.60E+01	4.10E+01	1.40E+03
Stomach-AdenoCA::SP84491	2.14E+01	2.94E+01	1.06E+02	4.28E+01	7.71E+01	5.82E+01
Stomach-AdenoCA::SP84743	4.69E+01	2.43E+01	1.20E+02	6.36E+01	5.40E+01	4.15E+01
Stomach-AdenoCA::SP84982	3.49E+01	1.80E+01	5.34E+02	1.02E+02	6.39E+01	7.11E+02
Stomach-AdenoCA::SP84392	6.36E+01	3.21E+01	1.26E+03	1.80E+02	8.10E+01	1.57E+03
Stomach-AdenoCA::SP105018	8.11E+01	2.37E+01	1.53E+02	8.61E+01	4.42E+01	1.77E+02
Stomach-AdenoCA::SP84439	1.88E+02	5.33E+01	5.85E+03	9.44E+02	4.50E+02	7.27E+03
Stomach-AdenoCA::SP84922	2.85E+01	3.20E+01	1.02E+02	5.67E+01	8.85E+01	3.43E+01
Uterus-AdenoCA::SP90209	1.25E+03	4.77E+02	1.16E+03	1.30E+00	2.52E+01	6.25E+02
Uterus-AdenoCA::SP93540	5.54E+01	3.55E+01	6.68E+02	8.22E+01	2.39E+01	8.33E+02
Uterus-AdenoCA::SP93227	1.77E+03	8.21E+02	1.44E+03	1.97E+03	1.91E+02	2.09E+03
Uterus-AdenoCA::SP94933	2.72E+01	4.39E+01	1.28E+03	2.45E+02	2.26E+02	1.68E+03
Uterus-AdenoCA::SP92364	4.35E+01	4.04E+01	2.71E+03	3.14E+02	3.47E+02	3.29E+03
Uterus-AdenoCA::SP92659	4.55E+01	1.58E+02	2.15E+02	8.51E+01	1.46E+01	7.81E+00
