Samples	SBS96A	SBS96B	SBS96C	SBS96D	SBS96E	SBS96F
Biliary-AdenoCA::SP99325	7432	3428	165855	19269	6670	3875
Bladder-TCC::SP1059	0	470	4429	24767	2020	27499
Bladder-TCC::SP96136	4944	818	6016	5005	1461	33652
Breast-AdenoCA::SP117369	3080	0	0	0	0	52574
Breast-AdenoCA::SP2293	1444	608	0	0	0	63013
CNS-GBM::SP25494	138976	0	94468	11599	0	0
ColoRect-AdenoCA::SP18310	2429	2156	102808	0	463	371
ColoRect-AdenoCA::SP17172	2414	2565	111274	0	7148	961
ColoRect-AdenoCA::SP96133	1961	2857	60194	10412	5473	451
ColoRect-AdenoCA::SP110242	2580	2967	85095	19497	3836	0
ColoRect-AdenoCA::SP21017	2197	3700	71688	7681	2935	233
ColoRect-AdenoCA::SP22383	1857	2770	72379	10906	9566	0
ColoRect-AdenoCA::SP81312	76686	592970	133364	0	0	4467
ColoRect-AdenoCA::SP22031	1439	231565	0	829	0	398
ColoRect-AdenoCA::SP19215	1475	10	77590	9415	6352	62
ColoRect-AdenoCA::SP16886	0	790092	0	0	59190	0
ColoRect-AdenoCA::SP19295	4429	244550	9866	0	0	1022
ColoRect-AdenoCA::SP17905	0	1923324	42431	177266	289596	0
ColoRect-AdenoCA::SP18121	12482	395	122800	20701	4761	0
ColoRect-AdenoCA::SP21400	58464	527302	162431	0	44843	0
ColoRect-AdenoCA::SP18946	6475	823094	81423	35913	13908	0
ColoRect-AdenoCA::SP80615	0	2110962	0	49146	266361	0
Eso-AdenoCA::SP111058	113	0	0	0	62775	1095
Eso-AdenoCA::SP111066	95	177	792	2163	67985	8447
Eso-AdenoCA::SP111113	1312	883	648	2355	72835	1107
Eso-AdenoCA::SP110865	1831	554	7192	12656	23561	9957
Eso-AdenoCA::SP23502	2411	1404	4931	2225	59847	3653
Eso-AdenoCA::SP111001	2643	1115	6549	2358	43466	3331
Eso-AdenoCA::SP111173	2860	3701	7144	0	90041	1848
Eso-AdenoCA::SP111091	2293	267	3006	4217	40278	4517
Eso-AdenoCA::SP111175	80	1691	1705	11411	106621	2465
Eso-AdenoCA::SP111114	848	1565	7691	3055	38472	5978
Head-SCC::SP30113	1270	337	5139	74550	1238	5089
Head-SCC::SP30332	1695	491	4915	41623	941	2842
Head-SCC::SP30675	1154	478	4051	52926	799	3777
Liver-HCC::SP98090	4351	0	23009	29432	5593	1301
Lung-AdenoCA::SP53460	850	897	0	50163	86	1538
Lung-AdenoCA::SP54113	1921	291	4523	90705	2186	10701
Lung-AdenoCA::SP55235	3759	835	3270	96938	3061	5940
Lung-AdenoCA::SP50611	621	385	0	51740	0	658
Lung-AdenoCA::SP55142	1895	1570	5882	116598	2283	28815
Lung-AdenoCA::SP53618	719	683	0	59647	0	273
Lung-AdenoCA::SP53810	0	2105	0	183479	0	0
Lung-AdenoCA::SP55509	333	797	0	62762	0	2243
Lung-SCC::SP56553	0	1147	2020	60777	1533	68405
Lung-SCC::SP57941	441	1224	972	71119	104	1642
Lung-SCC::SP57818	9	993	0	45354	0	3743
Lung-SCC::SP56704	1669	0	4100	45438	1021	1520
Lung-SCC::SP59245	962	530	2961	34981	1693	13993
Lung-SCC::SP57933	0	670	3406	42973	843	9655
Lung-SCC::SP57669	227	524	4212	42496	1072	2191
Lung-SCC::SP58342	0	605	10014	51026	924	11655
Lung-SCC::SP57619	486	752	2774	47184	382	2204
Lung-SCC::SP58245	937	370	6023	46688	1260	3899
Lung-SCC::SP57251	1496	502	4833	35697	1087	8488
Lung-SCC::SP58668	1250	329	4913	51685	1425	6368
Lung-SCC::SP58326	1012	715	4281	62416	695	2406
Lung-SCC::SP57267	915	562	4556	41720	843	2795
Lung-SCC::SP57066	832	1076	3410	47940	445	4210
Lung-SCC::SP57846	932	490	3066	30298	383	18795
Lung-SCC::SP57189	34	1263	3471	98907	597	9574
Lymph-BNHL::SP116668	1718	2349	6582	3967	51508	777
Lymph-BNHL::SP116697	8422	12975	29806	21579	25010	14737
Panc-AdenoCA::SP125732	418	1458	81521	0	12015	333
Panc-AdenoCA::SP125770	0	423	27047	20988	5978	1018
Skin-Melanoma::SP124389	68622	255	0	0	0	1996
Skin-Melanoma::SP124362	214810	0	0	0	0	0
Skin-Melanoma::SP124394	105876	0	0	0	0	0
Skin-Melanoma::SP124334	82731	479	365	1642	1327	1220
Skin-Melanoma::SP124454	56975	52	173	143	214	1258
Skin-Melanoma::SP124380	155336	832	0	618	2120	4065
Skin-Melanoma::SP124399	142881	421	0	0	1073	0
Skin-Melanoma::SP124311	93312	1055	4659	7338	3015	0
Skin-Melanoma::SP124434	77495	951	1915	792	227	3881
Skin-Melanoma::SP124428	296727	485	0	0	0	8477
Skin-Melanoma::SP124449	135402	0	0	0	0	2585
Skin-Melanoma::SP124298	352090	0	599	11956	2071	0
Skin-Melanoma::SP124431	81240	582	2592	7346	892	0
Skin-Melanoma::SP124409	238904	0	0	0	0	6770
Skin-Melanoma::SP124376	51904	421	578	0	0	2265
Skin-Melanoma::SP124439	296912	2209	0	2473	3206	14883
Skin-Melanoma::SP124406	64694	250	766	4959	2710	375
Skin-Melanoma::SP124382	451904	212	2634	18486	5725	0
Skin-Melanoma::SP124415	776044	0	0	0	4297	78837
Skin-Melanoma::SP124436	307448	0	0	7376	3991	0
Skin-Melanoma::SP124460	160985	654	0	0	2187	152
Skin-Melanoma::SP124425	85468	414	1197	2704	1499	236
Skin-Melanoma::SP124367	143791	93	0	994	11089	0
Skin-Melanoma::SP124377	54447	454	1675	3666	777	0
Skin-Melanoma::SP124412	69709	0	17	7315	247	0
Skin-Melanoma::SP124329	51197	152	0	0	377	0
Skin-Melanoma::SP124326	58867	0	0	2368	55	0
Skin-Melanoma::SP124458	154847	1370	1673	2406	1215	0
Skin-Melanoma::SP124401	414502	1013	2617	14063	3770	0
Skin-Melanoma::SP124384	146044	1441	25362	3053	865	1017
Skin-Melanoma::SP124462	112409	612	601	0	549	0
Skin-Melanoma::SP124452	89211	489	1291	634	284	0
Skin-Melanoma::SP124386	114939	331	38	0	15	512
Skin-Melanoma::SP124418	101956	349	0	2494	904	1678
Skin-Melanoma::SP124319	196511	0	0	0	0	8790
Skin-Melanoma::SP124447	403021	4767	6040	10895	5717	13651
Skin-Melanoma::SP124369	138992	92	0	815	362	196
Skin-Melanoma::SP124365	68838	385	1453	2453	1002	1405
Skin-Melanoma::SP124420	71081	0	0	0	63	0
Skin-Melanoma::SP124364	104136	1216	1454	1896	712	0
Skin-Melanoma::SP124307	118886	296	0	0	113	2215
Skin-Melanoma::SP82445	671306	4125	0	0	6855	62267
Skin-Melanoma::SP83242	59435	0	249	13125	439	0
Skin-Melanoma::SP103894	151021	1074	1543	3178	2026	507
Skin-Melanoma::SP83382	53853	680	1784	160	131	2274
Skin-Melanoma::SP82451	41606	474	3414	5636	403	0
Skin-Melanoma::SP83312	52343	372	1538	1941	672	876
Skin-Melanoma::SP82614	53749	166	765	2089	675	0
Skin-Melanoma::SP82431	316243	6647	9673	16876	13250	10659
Skin-Melanoma::SP82459	77892	0	0	0	394	0
Skin-Melanoma::SP82532	178861	743	6242	23504	3539	0
Skin-Melanoma::SP83482	63826	547	326	2201	1575	208
Skin-Melanoma::SP104530	58392	626	3142	7549	735	918
Skin-Melanoma::SP82644	239459	0	0	0	0	1054
Skin-Melanoma::SP82988	82883	655	0	0	0	8885
Skin-Melanoma::SP82461	79467	902	2106	1682	562	0
Skin-Melanoma::SP82900	255519	0	0	0	1918	22377
Skin-Melanoma::SP82399	113094	673	1264	343	921	0
Skin-Melanoma::SP82417	247034	0	0	0	0	3711
Skin-Melanoma::SP104056	310387	2667	8860	5735	6355	0
Skin-Melanoma::SP83083	67951	803	2661	1918	743	1601
Skin-Melanoma::SP83019	92530	813	1624	0	523	2633
Skin-Melanoma::SP83146	323680	1399	0	0	160	22647
Skin-Melanoma::SP103866	92978	483	495	0	931	0
Skin-Melanoma::SP83844	52165	614	1767	198	510	1933
Stomach-AdenoCA::SP135287	1335	2170	60868	0	2044	157
Stomach-AdenoCA::SP85122	1627	2339	73856	0	2417	420
Stomach-AdenoCA::SP84384	3182	2004	108794	0	3687	770
Stomach-AdenoCA::SP84491	1477	1558	4601	1771	53827	1473
Stomach-AdenoCA::SP84743	2002	2229	5455	5792	40165	4363
Stomach-AdenoCA::SP84982	804	827	37039	7674	17637	62
Stomach-AdenoCA::SP84392	2701	2023	79697	11196	8748	255
Stomach-AdenoCA::SP105018	379	1097	9629	34165	3695	9839
Stomach-AdenoCA::SP84439	17795	5888	274263	64646	26623	0
Stomach-AdenoCA::SP84922	963	1883	2833	27	59803	2520
Uterus-AdenoCA::SP90209	18948	22548	508433	0	0	0
Uterus-AdenoCA::SP93540	1953	422	56427	5605	974	316
Uterus-AdenoCA::SP93227	19973	112008	615340	180897	0	0
Uterus-AdenoCA::SP94933	1555	530	37375	15117	7310	555
Uterus-AdenoCA::SP92364	0	0	82735	20466	11829	321
Uterus-AdenoCA::SP92659	0	272834	0	9428	0	0
