MutationType	SBS96A	SBS96B	SBS96C	SBS96D	SBS96E	SBS96F	SBS96G	SBS96H
A[C>A]A	0.0007606066041626037	0.0012961091240867972	0.0013745333059341648	0.049852426573634145	0.0022207294357940556	0.0039884279295802115	0.0014988765097223222	0.0009818157949484886
A[C>A]C	0.0003675459689111449	0.002876740414649248	0.002718974370509386	0.027457808442413807	0.0017240620939992367	0.002290829438716173	0.0015602808573748916	0.000573296710208524
A[C>A]G	3.877538641972933e-05	0.00014499673241516575	0.00013980877256472015	0.01109700746834278	1.5179719855732323e-05	7.524859674504114e-05	0.00014453972285991768	8.570700832933653e-05
A[C>A]T	0.00043598711024969814	0.011853954512625933	0.008519371207803488	0.032723953649401664	1.0336461564293131e-05	0.002204159186221659	0.0017978842929005623	0.00042819084686925637
A[C>G]A	0.0004390101140597835	0.0002723495993996039	0.001558726707007736	0.014755487088114022	0.0032159863342531027	0.0016635169670917093	0.0013288565818220376	0.0027311325585469602
A[C>G]C	0.00035072709404630585	0.00011821606458397582	0.0004159997624810785	0.006205599131062627	0.001925793532282114	0.001356269451789558	0.0009363734029466286	0.0011975050682667644
A[C>G]G	0.00021746169979451225	2.526356865928392e-08	2.9532027792811277e-05	0.003003829242661595	0.00021957446861051722	0.000304111664154334	0.00026938500508549623	0.00025479623698629436
A[C>G]T	0.0006367403891636059	6.672293136944063e-05	0.0007237452955450863	0.009852834325283766	0.004775779079645872	0.0030256908875890077	0.001770614926936105	0.003223380772396922
A[C>T]A	0.00022543951170518993	0.000523418962256983	0.05545792423188686	0.014907053038477898	0.012107993997633458	0.0035011425241827966	0.029352838434278966	0.005700458595529198
A[C>T]C	0.016839837469160557	0.002628098134882748	0.015497425235807896	0.003992983265779912	0.0003703724220395088	0.0007671496400143952	0.10058942724019289	0.0006810587289510294
A[C>T]G	0.0003890654176939279	0.0064975286461412905	0.0992261727154255	0.002978002456948161	0.008774883560836316	0.006881601205095649	0.0070260205073282124	0.002747537528630346
A[C>T]T	0.006523227086290717	0.005157422330230474	0.016587952245026828	0.007335622515529394	0.0011782653216505423	0.002277394566917792	0.08771316271275281	0.0020331830671057104
A[T>A]A	0.003364399098791182	0.0007776519621256739	1.6434242297691526e-07	0.011220412002876401	0.01553665249608457	0.0017139587900601328	0.0034910367731936275	0.0005818647664273158
A[T>A]C	0.0009203200414776802	0.00020334979228209705	0.002188637510407716	0.003169613494537771	0.012816919442266227	0.002200730238109827	0.0012069788668304681	0.0003891403047600761
A[T>A]G	0.0012214114598464222	1.5938833257678197e-08	8.827571946312673e-08	0.011951827052980661	0.004712322314735502	0.0014922162424772978	0.001717301825992763	0.0005207729060202837
A[T>A]T	0.009114894270896911	0.004860937036573887	0.012747604493051767	0.004648717921227217	0.031567010655999185	0.006806569276377559	0.0016613657325156262	0.00010580670390916091
A[T>C]A	0.0010892887110821902	0.007532656593248248	0.008747763724531978	0.017319503352046014	0.06369556911289692	0.004218212384730577	0.004255749986041338	0.0013037410331889986
A[T>C]C	0.00040711906796786935	0.004132596226409078	0.005399321741424501	0.0012412520928774028	0.022266634926199912	0.004017537427134812	0.001697202797513455	0.00022045878402423113
A[T>C]G	0.0005811773770255968	0.0017534065595827997	0.012409259527921677	0.008889037342742085	0.053685185611248014	0.0021530330507084725	0.0018359170111943968	0.00026052433997392655
A[T>C]T	0.0026832929300144317	0.006356914713978768	0.0007949376536998898	0.007711224760860205	0.034164679050445554	0.007327701114118099	0.005483416351489722	0.0012612429028376936
A[T>G]A	0.001130975770065561	0.003538231826387346	0.0	0.00269117844698485	0.0038974308082833885	0.004142008409835398	0.0011749677982879803	0.0005439336283598095
A[T>G]C	0.0006731684866826981	0.003406952801160514	0.0006831611081724987	0.0003925371631339658	0.0031498303916305303	0.00515345430932939	0.0003609738049271982	0.00013244687164842617
A[T>G]G	0.0015491712396033107	0.0015270477766171097	3.879040910760523e-05	0.0026060475409030916	0.003576039846520871	0.003070388217456639	0.0010437229531817139	0.0002708326892752666
A[T>G]T	0.0008489539264701307	0.027206814140081404	0.000991204297170043	0.0006841063071624376	0.005965795265510678	0.05112750165164471	0.0007372484653024003	0.00013911001609812957
C[C>A]A	0.00259673192165792	0.002621195865795016	0.011028007306158542	0.06275622464716435	0.0011787534636096097	0.0014192833914421499	0.0006781065443647094	0.0008956933766603469
C[C>A]C	0.00037651250255294144	0.0004223193961661309	0.019078763965517283	0.04894192740321159	0.0045134440017864106	0.00011452889293650845	0.0004185607036924921	0.00046106236753985287
C[C>A]G	0.00027590402052737775	9.256232660845854e-05	0.0031074457988142967	0.013393659722059964	0.0011969450139440597	5.561248144658748e-08	4.329921339376597e-06	0.00010177659183682408
C[C>A]T	0.001222795620560646	0.013306345380842686	0.07375057488679886	0.047488566339015964	0.009682838949374854	0.0003619343099328581	0.0001351943801273592	0.0001077332925706944
C[C>G]A	0.00029619469365570693	9.823124059948896e-08	1.6153176452462504e-05	0.01102109869942069	0.00021106462860188914	0.001239041161024943	0.000746472986356821	0.0037858869414776563
C[C>G]C	0.0003758323099464178	0.0	2.1422737925149706e-05	0.009199569467455149	0.00031761174031998964	0.0010374309250619261	0.0007336034820764326	0.0009692741138860584
C[C>G]G	0.0003291505528613925	0.0	5.266221018246142e-05	0.0036798233166337015	0.00018930461561467382	0.00016398102281527826	0.0001776986042632167	0.0010799619951285422
C[C>G]T	0.0005837119556963443	0.0	5.262485792627558e-06	0.010523461252450943	0.0007646057126112282	0.0022743529570288957	0.0012039625167381018	0.004808030957356095
C[C>T]A	0.06009022422134876	1.006817426514317e-06	0.005310203544795513	0.017164756022393705	0.006632650415413082	0.0030129989236593246	0.026790796481072902	0.009079856369644403
C[C>T]C	0.07258861377835274	3.241164180508349e-05	0.007948160665109753	0.009510106248781085	0.0017626127903349698	0.0005062824856281623	0.10991621699184179	4.694622475653887e-05
C[C>T]G	0.00815546654164791	0.0018172037252224982	0.06730037838220597	0.003602373064495623	0.009636778202839195	0.00491049537435174	0.003632441610097885	0.003282139184884727
C[C>T]T	0.06254449151456357	0.0011067593970801681	0.006504186848178506	0.01764515455812216	0.004875056076562032	0.0016262532660766737	0.09410189103335143	0.003172537120990455
C[T>A]A	0.0006265869492199272	3.8140695069159846e-05	0.0	0.014589561466127634	0.0028348283981904387	0.0016235934651922434	0.0015424663451267407	0.00041608984232880173
C[T>A]C	0.0007699150976259261	0.0	0.0016665728390216827	0.009655919456854463	0.007253030086867511	0.010616558529436588	0.0016414960072143004	0.00018706840855884366
C[T>A]G	0.0003524896630551666	2.7085271103715058e-05	8.761802819208242e-06	0.024368068873882293	0.0027528503490611912	0.0038625243259593845	0.0016306333476677538	0.00019069807487539947
C[T>A]T	0.0017151410970836878	0.00020792063791304826	0.0005498252977849915	0.01372265012934804	0.003666689251549542	0.031137679517269135	0.0023113560013007374	0.0003410477505531162
C[T>C]A	0.0010724774363916367	0.0003362091415328905	0.004581633950583637	0.006933994581922889	0.039471885189414024	0.007351709026843309	0.0014998298432328738	0.00012051903875544668
C[T>C]C	0.000519443693337962	0.0003975297597935423	0.005707609569653869	0.0019030402135103942	0.023197315447032452	0.03336031712591648	0.001573915727203712	9.366294067149283e-05
C[T>C]G	0.00014765886749955825	1.4826467167950922e-05	0.015355480962898582	0.003555155717767775	0.048679135963320734	0.020246293917298316	0.0003743211565597449	3.41384160628877e-05
C[T>C]T	0.0055415468662977216	0.0	0.0027432250417768955	0.0030363450152799485	0.03502221573144197	0.09881014138460159	0.0015483215559013708	0.00013657183093528146
C[T>G]A	0.00033286505611613393	0.003561188387684524	9.639952913857997e-06	0.0018568301282357424	0.003500971863977611	0.004048659959807992	0.0007030180098081474	0.00030819709223578684
C[T>G]C	0.0004266394500155002	0.0006521238398272544	0.0024595259909983725	0.0005022645561257377	0.007228354457765818	0.02039509516209364	0.00026836361909545305	7.763128443912137e-05
C[T>G]G	0.0008795443247072398	0.0017690557916648685	0.0023203789078979752	0.0035022289399057626	0.009809374138712882	0.010713975746184587	0.000668008334851038	0.00012129780760005815
C[T>G]T	0.0001578832857570587	0.010550317987799644	0.0024054011702537535	0.0004437523303308184	0.004824969979167154	0.28437311828136447	9.60455810491112e-05	0.00017946156920515933
G[C>A]A	0.00021014739235397428	0.0014934333506971599	0.005059925336390734	0.03434146955609321	0.00021303883682787013	0.004418903971090913	0.0005832727390770742	0.0006379112653667107
G[C>A]C	4.7504696740361394e-05	0.0015833871951326727	0.006681428132578731	0.026154710091650487	0.00043764083115092943	0.001138262724271044	0.0006488832965260372	0.0004050765401916578
G[C>A]G	2.426814972551483e-06	2.8272380004636942e-05	0.0009942415377008729	0.009808754492551088	0.00015999206063497696	8.005192823475227e-05	1.6325044757081742e-05	6.906360998982563e-05
G[C>A]T	5.196376296225935e-06	0.009210425447672605	0.023822821713984012	0.022475910373032093	0.0002995076379738748	0.00271287031006068	0.0004658570056199096	0.00037702124973293394
G[C>G]A	0.00010971731047902722	0.00022813769639469682	0.0006631022144574672	0.008536065705120563	0.00030463217874057594	0.000679031201871112	0.0005532634421251715	0.0010087067564018071
G[C>G]C	0.00025374633318278936	0.00012085109250620007	0.000998096951516345	0.007048578970134258	0.002645610214676708	0.00109230974689126	0.0007789334637345746	0.0006699472264153883
G[C>G]G	0.00011747718046535738	0.0	8.975705917691811e-05	0.003136512115597725	0.00010405994100437966	4.431291621585842e-05	0.00011452940251729161	0.0001152626304246951
G[C>G]T	0.00032855458004632965	0.00017714856599923223	0.0005732952407561243	0.006496810102835298	0.0021154640422901137	0.0014655538846272975	0.0013012433296535164	0.0023704897658899425
G[C>T]A	1.5138541348278523e-05	0.002206112793646753	0.061265555992722515	0.007923193536698818	0.007756288424134255	0.0015207949525211006	0.02544008208438754	0.005524006029590964
G[C>T]C	0.009537386149168015	0.01343869674950838	0.07254476562142372	0.0024012060974575944	0.007196178557351231	1.9907802034569136e-06	0.09881528422236442	0.001015389651292935
G[C>T]G	3.4639384248293934e-05	0.017758862972259523	0.13689337730407714	0.0007065494297125254	0.013386367599014192	0.0049079525610432025	0.0047518572155968285	0.0018323999841231853
G[C>T]T	0.01138938194140792	0.018577620051801205	0.047162730693817136	0.004471877422183752	0.007985295346006751	0.0007013288480811753	0.07448622573167085	0.0019678468094207345
G[T>A]A	0.0005742513027507812	5.217356505454518e-05	0.0	0.00942913157865405	0.004449122156947851	0.0006414466816931963	0.001093792944739107	0.0001696544632432051
G[T>A]C	0.0002750851507880725	3.919641418178798e-05	0.001881783017888665	0.003076548334211111	0.00635554670356214	0.0027321667270734907	0.0007649557522381656	0.00011444164068961982
G[T>A]G	0.00047191117249894887	0.0	0.00010838110509212129	0.0116263547539711	0.005033548003993928	0.0012162785790860652	0.0009147328647668473	0.00019376305426703765
G[T>A]T	0.001149820958962664	0.0002948713401565328	0.0011573539208620787	0.0064500477630645035	0.005411831890232861	0.006823069807142019	0.0013508847670163958	0.00037108045449713245
G[T>C]A	3.783123258472187e-05	0.012412042468786239	0.01725579036399722	0.002814246986526996	0.060954285711050035	0.0015695265843532979	0.00205851458827965	0.00017613313175388612
G[T>C]C	0.00014863085933029653	0.01168266385793686	0.012421471793204545	0.00047905159164752576	0.019902239479124548	0.007166036572307348	0.0015007087751291693	0.00018104104034136982
G[T>C]G	0.00010324205562938005	0.0033880615141242743	0.014261027476750314	0.0019426402216777205	0.04584844574332237	0.004438445931300521	0.0008683888197992928	8.462462798888737e-05
G[T>C]T	0.011054847612977028	0.016581698171794414	0.005636293739080429	0.0008947573611431023	0.04642282448709011	0.009396730102598666	0.002270081201568246	9.570730035193265e-06
G[T>G]A	0.0003012042967020534	0.0011203701212070883	2.4488145390932914e-06	0.0013263759069377557	0.0018823066272307188	0.0014982514805160464	0.0004541338560375152	0.0002590691155637614
G[T>G]C	0.0002661049980088137	0.0017063873447477817	0.0014038735232315958	0.0004556930504622869	0.001845980896614492	0.005370400082319975	0.00022714214035659096	8.100838662812748e-05
G[T>G]G	0.002114270741585642	0.0007518324640113861	0.000913460262818262	0.0029269499192014336	0.0039034889405593276	0.0038216744223609567	0.0006090193014460965	0.0005172824597684667
G[T>G]T	0.0018664939561858773	0.003218232085928321	0.004622842692770064	0.0002215297665889432	0.006405156683176756	0.07308012127876282	0.00029266868891681953	6.168119805806782e-05
T[C>A]A	0.001181512497132644	0.047238661870360375	0.001979569364339113	0.040733827278018	0.0009116997808450833	0.002377436065580696	0.0012553396139992402	0.0289517131075263
T[C>A]C	0.0017170652421191334	0.006878595668822527	0.004874523915350437	0.03966126546263695	3.476166748441756e-05	0.0015756295924074949	0.0015562805195804684	0.010198782458901405
T[C>A]G	9.059048068593256e-05	0.0011440894659608602	0.00049969933785178	0.007164748646318913	9.467213903690209e-05	0.0002441504193120636	8.924208714688575e-05	0.0017202811525203288
T[C>A]T	0.0004364620158187467	0.3575148457288742	0.015920254606753587	0.043441809341311456	2.7791963235784573e-18	0.00012760431003698612	0.0009744875509932172	0.01198381146416068
T[C>G]A	3.0281441095842987e-05	0.0	0.0	0.008181913746520877	6.872625606442404e-06	2.2779852151870728e-05	0.0002638307120651007	0.16262976676225663
T[C>G]C	0.0007233912427909672	1.200074802909512e-07	6.683543706458294e-06	0.010140957422554492	0.0006098106189165264	0.001231223337817937	0.0011120303109055385	0.03550925940275192
T[C>G]G	0.0001711774489376694	0.0	1.3336532072116824e-06	0.0021788797294721007	9.019145487400237e-05	0.0001350474230275722	0.000147375737906259	0.006860547345131636
T[C>G]T	0.0008859772037249059	1.9079264397987572e-05	0.00016870708495844155	0.011096959924325347	0.0032432793313637376	0.0025882210116833448	0.0011710509823751635	0.19595992535352708
T[C>T]A	0.1721151179075241	0.003089541317895055	0.005926596689969301	0.002566011401358992	0.003024206676054746	0.0014596418326254933	0.022580338320694865	0.26927668988704684
T[C>T]C	0.30143079698085784	0.011765339337289333	0.0018851625826209783	0.002862840908039175	0.0005127468028394388	0.0004673503050999511	0.11455234869383275	0.04227996677160263
T[C>T]G	0.06342993311583996	0.0823554128408432	0.03498306639492512	1.876508744534178e-17	0.002845331863500178	0.0012438557925634087	0.000297583359060809	0.025199099630117416
T[C>T]T	0.10740192800760269	0.04186480574309826	0.004624409032985568	0.006576154725626111	0.0018510555629103003	0.003155317041091621	0.10467318214476108	0.13139076977968217
T[T>A]A	0.0025520031480118634	0.001386537894140929	0.00213471254799515	0.011314005739986897	0.017046091370284556	0.005055996878072619	0.0022367837850470096	0.0004696664257789962
T[T>A]C	0.0016441221139393747	0.0005145663913572207	0.00030447235418250783	0.005056654405780137	0.004993119088467211	0.0036603562347590924	0.0018014522024895996	0.00012078048330295132
T[T>A]G	0.0008358157449401915	0.0005199940787861124	0.0	0.009536491762846709	0.0030952924175653607	0.0016936534235719592	0.0012827923707664014	0.00029051363293547183
T[T>A]T	0.011347351279109717	0.0047973531950265165	0.0014254142681602389	0.009041794855147601	0.01379270146600902	0.013426121380180121	0.0025771574392274487	0.00018065606487652986
T[T>C]A	0.006062214802950621	0.00728764683008194	0.006283102059969678	0.005203965269029141	0.04625696584582329	0.007930469550192356	0.002460436576802749	0.00021328380309569185
T[T>C]C	0.0020183575549162923	0.006926653170958161	0.009251209991052747	0.0005211722596311308	0.02782432835549116	0.010203342698514462	0.001606046836823225	0.00013616514923342038
T[T>C]G	0.0019743872177787124	0.0035132354451343417	0.0077538113517221065	0.002996628312394023	0.03017704337835312	0.005166047168895602	0.0007838235678718775	4.446742419531802e-05
T[T>C]T	0.004637846946716309	0.01023389745503664	0.0071153318043798205	0.001293071513355244	0.05022626079618931	0.01582690194249153	0.002403482209192589	0.0001713404883776093
T[T>G]A	0.0013566235988400877	0.015237477105110885	0.0	0.003055824920593295	0.0027430147381528516	0.006736761769279838	0.0012949551997007802	0.0010546751544461585
T[T>G]C	0.0011059913598001003	0.007989537045359612	7.892521207395475e-06	0.0010699023154302268	0.0028442366677336396	0.008716302365064621	0.0008117144968127831	0.0001400824461961747
T[T>G]G	0.001147197907557711	0.0026851023407652975	0.0002578401705250144	0.0038114404957741497	0.005222130129113794	0.005730681279674172	0.0010350757866399362	0.0002733610008726828
T[T>G]T	0.002502425827551633	0.14128058135509491	0.0	0.001664098851615563	0.010759036215022206	0.09974244520068169	0.001621221854002215	0.0003667018443229608
