MutationType	SBS96A	SBS96B	SBS96C	SBS96D	SBS96E	SBS96F	SBS96G	SBS96H	SBS96I	SBS96J
A[C>A]A	0.0003123064804822207	0.001327261864207685	0.002034787489101291	0.0005334729567402973	0.05701812423765659	0.002445892107207328	0.003553063767030835	0.016735285334289075	0.0002879615910933353	0.001127303201938048
A[C>A]C	0.0002588590003142599	0.0028802788490429523	0.00041558525236356613	0.0026414466463029387	0.02982093848288059	0.0013266856968402862	0.0016668376582674683	0.013799584433436395	0.0007062517758458852	0.0005405591224553063
A[C>A]G	3.7102300084370654e-05	0.00014541961631039157	9.20713257080171e-06	1.7752546434621762e-05	0.013401523232460022	0.00019105712752207182	7.504307726776461e-05	0.0017949750390835106	3.5018012168515045e-05	0.00012149469017458614
A[C>A]T	0.0003598050682921894	0.012249892186373472	0.00011078397632871537	0.00927455460652709	0.03661294981837273	2.575102073024027e-05	0.0017224855651147663	0.013039030488580466	0.0011813784670084715	0.0004105771679314785
A[C>G]A	0.00017576945552718825	0.00029811495856847615	0.0007732083374867216	0.0019083131782826968	0.013774136025458574	0.0016873313463293016	0.0007510577712673694	0.014664572291076183	0.00025430274778045716	0.002293717707507312
A[C>G]C	0.00017871300311526284	0.00013272846248582937	0.00046971155068604276	0.000661475665983744	0.005026657013222575	0.0009204157954081893	0.0007869155332446098	0.008738079275935888	0.00021503575117094443	0.0008073678193613887
A[C>G]G	0.00012016947235679254	6.202011155664877e-07	0.000356749489565118	3.9793248470232355e-05	0.002715507913380861	1.333746559339489e-05	0.00012042849804856815	0.002975302869454026	3.7817705633642616e-05	0.00016425741378043313
A[C>G]T	0.00022660586211713962	9.526092922897078e-05	0.0012099962891079486	0.0013404902926413343	0.007178954258561135	0.002390320447739214	0.0018222812679596246	0.017294073812663555	0.000343807096069213	0.002262355531565845
A[C>T]A	0.00028090591280488297	0.000733407912630355	0.0045157627129083265	0.059688778072595594	0.01276030195876956	0.009524927455931902	0.00218791643390432	0.02152628604322672	0.029149317592382432	0.004804395819082857
A[C>T]C	0.017493241503834724	0.002899280255660415	0.017162319958079025	0.014479599613696336	0.0020233332633506507	0.00043956104656899696	0.001020349086029455	0.002259225163143128	0.11192951247096061	0.0004714831965975463
A[C>T]G	0.00036933304829290137	0.006063220305368305	0.010806717435771133	0.10687108419835567	0.0021562439273111523	0.006331715937703848	0.0060935074929147955	0.009589717532508075	0.007597233783453703	0.0017198653100058436
A[C>T]T	0.007385534597560763	0.005554927485063672	0.007458009794354439	0.017315423190593718	0.0037315581319853665	9.674432369449445e-28	0.0016798681765794754	0.014160212315618991	0.08744674608111382	0.0015318373264744877
A[T>A]A	0.00223632100969553	0.0008014833746710792	0.005674169012345374	8.775790100116865e-05	0.007204499682411551	0.011152351144701242	3.5442480277671816e-06	0.02726168405264616	0.0006567746319342404	0.0003204091181396507
A[T>A]C	0.0007554300979245454	0.00017555798068087823	0.00114887805422768	0.0028517187759280207	0.002227381649427116	0.011319641619920731	0.0015174951776862145	0.010131957400590181	0.00035954878345364707	0.00029586027085315436
A[T>A]G	0.0007371511240489781	8.026370290430407e-06	0.0018189293661271223	3.7338675201681323e-05	0.009829098004847764	0.0026538543170318007	0.0004411828558659181	0.01686824010685086	0.00023638642320293003	0.0003269669480505399
A[T>A]T	0.0058694542665034535	0.0049462414067238565	0.02098602439276874	0.013009680397808553	0.003008141401223838	0.029046231210231782	0.005446714665740728	0.019461476430296897	0.0	1.538492811960168e-05
A[T>C]A	0.000576655789045617	0.00692733162548393	0.004614124840591103	0.007374637401662767	0.015996420532464983	0.06526066586375237	0.0017429660726338626	0.03538836024701595	0.0016726049501448869	0.001226578300120309
A[T>C]C	0.00027774507470894604	0.004065430960617959	0.0014418571861460805	0.005435193916782737	0.00043832077280967494	0.022364586740732193	0.0034087808942422273	0.010598029401153326	0.000929007955128327	0.00016306727622577454
A[T>C]G	0.0001846852948074229	0.0017169412760995328	0.0032474526902660727	0.009347168186213822	0.010140754655003548	0.06074681930243969	0.0008237424708204344	0.016329297330230474	0.0006772032182198017	0.00033852444001240654
A[T>C]T	0.0016523244348354638	0.006660560416057706	0.0047244974866407575	0.0013682203646749257	0.0028611598582938312	0.028608755469322206	0.0049768121261149646	0.03481046453118324	0.0017891434929333627	0.0007053496950538829
A[T>G]A	0.0006858031183946877	0.0037148007657378914	0.0018752444389974698	0.0	0.000416940100476495	0.0020979687408544125	0.0033018482336774468	0.011386069543659687	0.00015080767858307808	0.0001803728097002022
A[T>G]C	0.0005189880676334723	0.0035204098466783762	0.0010831430902544525	0.0008102089900057763	9.548384214629335e-05	0.002840305659919977	0.005285723516717553	0.0025029200781136753	0.00010587952611729179	9.335683313111076e-05
A[T>G]G	0.001196937516797334	0.0016121878568083048	0.002044127398985438	0.0002489763955236413	0.0010306669247802348	0.0021644261945039035	0.0024692852469161155	0.008553510028868914	0.00013937248186266516	6.506472274622865e-05
A[T>G]T	0.000688634425168857	0.028131868429481982	0.0015414287196472288	0.0013193078199401499	0.00023037237973767334	0.005211616130545735	0.054628165587782856	0.004724592128768563	0.00028949079220183196	0.00010624889699101914
C[C>A]A	0.001600185085553676	0.0026143021835014226	0.007197104976512492	0.008145250910893083	0.07685357391834259	0.0058417769242078066	0.0016532860090956092	0.006598716711159795	0.00040421044919639824	0.001249897920060903
C[C>A]C	0.00018742471671430395	0.000282607386179734	0.0029114746721461415	0.01600797776132822	0.060914125964045523	0.01109762215986848	0.00012598931351021748	0.0034716440085321666	0.0004726577438123058	0.0006581033254042267
C[C>A]G	0.00016172239527804778	6.41255021764664e-05	0.0011276498544611968	0.002165260543115437	0.017042995411902667	0.0030177980242297054	5.056482289091946e-06	4.464360827114433e-06	7.359880379453898e-06	0.00015860617622820428
C[C>A]T	0.00031799538885961986	0.01353996004909277	0.008038918860256672	0.07543673917651177	0.060406934395432474	0.022128870151937007	0.00027792251841674443	0.0	0.0005993784533347934	6.175612448714673e-05
C[C>G]A	8.627684386738111e-05	4.15053261463072e-06	0.000515063405764522	0.0	0.010567682422697544	0.0	0.0006884514587000012	0.008870926750823856	8.393816223360773e-05	0.0033734948886558415
C[C>G]C	9.227557187841739e-05	2.2255204112298087e-06	0.0008908079353568609	2.6010404928911156e-06	0.008548578079789877	0.0	0.0005045827839057893	0.008178670220077037	0.00010180902470892761	0.0006705708935623989
C[C>G]G	0.00018831727109500207	0.0	0.0006350469121571223	3.265569503128063e-05	0.0036565567506477237	1.5030827092346045e-05	1.2688635160884587e-05	0.0028372113220393657	0.0	0.0008509424596559257
C[C>G]T	4.570953911297693e-05	1.0926725608442211e-05	0.0017790520351263694	2.0207896835700012e-06	0.008748175129294395	5.897525552427396e-06	0.0013788878545165062	0.01306316515430808	0.00012721603667159798	0.0037392812175676225
C[C>T]A	0.05284000664949417	0.0	0.07815283484756946	0.002467277469113469	0.014369632247835398	0.002939558702055365	0.0014256678614765405	0.021470979750156403	0.025459407977759838	0.00774162832647562
C[C>T]C	0.05907675944268703	7.207051137811504e-05	0.11777065045869677	0.0008920555561780929	0.007585702510550618	0.0007573818745081264	7.856210578875627e-05	0.0029320123503344493	0.12242249861359596	0.0
C[C>T]G	0.0055044871475547555	0.0015719649544917048	0.024206720106303693	0.07055937621742486	0.0030223176535218955	0.008170487829484046	0.004133860440924763	0.008416390428319574	0.0034704219317063687	0.0026101781474426387
C[C>T]T	0.05151654630899429	0.0012899312237277627	0.09888769475044683	0.0012624371736458667	0.013670547399669886	0.0015823605097830295	0.0001870952214085264	0.020759499818086623	0.0962972192466259	0.002451585135422647
C[T>A]A	0.00021741306700278072	8.321643137605861e-05	0.001040744999081653	8.178864663932473e-07	0.012658338230103254	0.0012303195847198367	0.0005993038183078169	0.016818384174257517	0.00018853419955121352	0.0002802391449222341
C[T>A]C	0.00014171948473631346	1.7678812218946404e-06	0.002454935518326238	0.0024742469238117335	0.007647908180952072	0.0041963747097179295	0.010067692138254642	0.01638625396415591	0.00023843511356972158	0.00012092856701201527
C[T>A]G	0.00012532469685538672	4.562260422972031e-05	0.00019162520989851828	4.3822922452818605e-06	0.024669983759522437	0.0015199349867179989	0.0030552933691069483	0.017437197864055634	0.0002950419812987093	0.0001540053347707726
C[T>A]T	0.00039919592454680243	0.0002797954180277884	0.0053645116475672695	0.0010106826992705464	0.009934091083705425	0.0004071374243358193	0.03141577910631895	0.022931630574166775	0.0003103884941083379	0.0001842755958205089
C[T>C]A	0.0005724572273902595	0.00029260041163070127	0.003553971438668668	0.0028309979289770125	0.007756559066474438	0.042982949316501616	0.006849286239594221	0.013167452625930309	0.0003465997881721705	0.0001661796943517402
C[T>C]C	0.00035899844660889355	0.0003729679572279565	0.0014788647915702313	0.005610931133851409	0.0011219507129862905	0.02333325121551752	0.0349587982147932	0.011583417654037476	0.0007158081629313528	5.185918829283764e-05
C[T>C]G	5.6640591426106175e-05	2.344372522817606e-05	0.0026732548337895425	0.009812080189585686	0.006610616641119123	0.062225905507802964	0.02169785797595978	0.002367423863616026	0.00028456242638640104	0.00010246359113807557
C[T>C]T	0.0036242046020925046	0.0	0.013365384982898831	0.0017381373303942383	0.00285190858412534	0.03570909328758717	0.10514640554785729	0.013708580564707518	5.643362548140019e-05	0.00017483802348579048
C[T>G]A	0.00010712394818256144	0.003669703109189868	0.0007492719964648131	0.00041648132144473494	0.00031320159963797777	0.001710023710038513	0.003466152329929173	0.008161816000938415	1.7513265420348033e-05	8.50968849772471e-05
C[T>G]C	5.891092296224087e-05	0.0006332750618457795	0.0023507115710526705	0.0022161749517545103	0.0004005597688956186	0.007508846083655953	0.02164251372218132	0.002982127470895648	1.3107817132009814e-05	8.554229105357081e-05
C[T>G]G	0.00018195251177530736	0.0018225095281377435	0.0035894068924244493	0.0023419252819439863	0.0027168165845796468	0.008956413120031356	0.010654201488941908	0.008375108167529106	1.756828225097706e-05	8.376399153348758e-05
C[T>G]T	0.0004342816464946964	0.010473480019718408	0.0015620166543131376	0.0018813083576969803	0.0013999303884338588	0.005975865335203707	0.3083206474781036	0.00021191313916100828	0.00012075435877637122	0.0002066962648080118
G[C>A]A	6.961201452213573e-05	0.0014567212481051684	0.0011900160100776702	0.004024004396051169	0.04080484412610531	0.0014705996168777346	0.0046324936766177416	0.007378715742379427	0.00018733223201707007	0.0007615752890706062
G[C>A]C	3.2721606180530216e-06	0.0015714691253378987	0.00029637855710461735	0.006421690760180354	0.030778766088187696	0.0016745417355559767	0.0010302968614269048	0.006330080577172339	0.0004604349657893181	0.0004753061098745093
G[C>A]G	4.893407040071907e-06	1.723405223287955e-05	5.314792255376233e-05	0.000591908750939183	0.012281055804342031	0.0009057249315083027	0.00012853407330112531	0.0005742581855156459	1.571741704537999e-06	8.881006695446558e-05
G[C>A]T	0.0	0.009471694193780422	0.00024033755995333194	0.027270135432481767	0.026226602867245673	0.00045168742028181444	0.0026739524770528077	0.006343866288661956	0.00046074086509179324	0.00031674173922510815
G[C>G]A	2.8609943328774534e-05	0.00023738331743516027	7.311435823794455e-05	0.0007103637128602713	0.008337403517216443	6.801036761316937e-07	0.0002850122522795573	0.006545899203047156	0.00010506879218155518	0.000863673152634874
G[C>G]C	0.00010588269185973331	0.0001262424432206899	0.0004590766620822251	0.001210233683232218	0.006493230052292347	0.0018183995224535466	0.0006156651442870498	0.0076890050061047075	0.00018585558165796102	0.0005266791651956737
G[C>G]G	5.9092599403811615e-05	2.3962059003679315e-09	0.00027085400814030435	5.5642395964241586e-05	0.003446294111199677	4.7198513666444345e-05	1.180768617814465e-06	0.0013787017227150499	1.5217768263937614e-05	0.00011659526629955508
G[C>G]T	6.555079071404179e-05	0.00021317266742698848	0.0006563500159609248	0.0009684443031437695	0.004729696726426483	0.0006527811718115117	0.0006603090150747448	0.011271810568869113	0.00023187122336821631	0.0015239328006282449
G[C>T]A	0.0	0.0020532887073932216	0.004212473221123218	0.06803175210952758	0.0054925369285047055	0.00453876857412979	0.0005850241024745629	0.01587609114125371	0.028615532144904136	0.004563840050250292
G[C>T]C	0.011262542959302664	0.012478960314765572	0.0128697226382792	0.07438663452863693	0.0007071446418006451	0.01235201170668006	4.500839349930175e-07	8.076976362011028e-19	0.11895202115178108	0.0006573214149102569
G[C>T]G	7.316021365568304e-05	0.0156863615475595	0.01656729544411064	0.14775026306509972	0.0008956470180419274	0.01455235413275659	0.004308393131941557	0.005482981044333428	0.006437870180234313	0.0009562458604341372
G[C>T]T	0.014589022062718868	0.01748320097103715	0.006468079662631392	0.05105144344270229	0.0016494296729797498	0.007361606201156974	0.0001517320791260362	0.011163536738604308	0.0829819244146347	0.0012192491872701793
G[T>A]A	0.000449501738185063	5.063687374786241e-05	0.00032487768650753425	3.882252567564137e-06	0.008584909979254008	0.0034188182931393384	1.8116799119525246e-05	0.010887275449931622	0.00011765934246341203	9.013270107971038e-05
G[T>A]C	0.0002116525877499953	4.092574664355198e-05	0.00027476852148538455	0.0021341281849890947	0.002761039054021239	0.006083331061527133	0.002499887812882662	0.005407795486971736	0.0003901321992452722	7.414245690597454e-05
G[T>A]G	0.00037288883584551513	0.0	0.0002343062860018108	9.007055021356791e-05	0.011644160617142916	0.004291030066087842	0.0006442492245696485	0.01011041147634387	0.00013057033786097348	0.00014993968992712325
G[T>A]T	0.0004945557890459895	0.00033184892847202717	0.0028881469257407842	0.0015429823379963636	0.004625764288939536	0.003586104684509337	0.006226015985012054	0.012435621246695519	0.00024581427467637693	0.00020508290923316964
G[T>C]A	4.191699495095236e-06	0.011018533351889346	0.004883167226122396	0.013945589028298854	0.004333627298474312	0.07360866755247115	0.0005712571150797885	0.009847261887043714	0.0021406201971694828	0.0002728807496896479
G[T>C]C	0.00014234979367756752	0.010919529926031828	0.0031431853817775845	0.013079382330179214	0.00016460340070443058	0.02185836438089609	0.007109365584328771	0.006830501137301326	0.0013809549459256232	0.00011835402128781424
G[T>C]G	4.6150058497006925e-05	0.002909824736851541	0.002293639617855661	0.011108056139200927	0.0034011109825223683	0.05670510083436966	0.0041341817891225215	0.0058530948706902565	0.0006786564528010786	0.00013967556074931053
G[T>C]T	0.009167360225692391	0.016412338800728322	0.018082684129476546	0.005189693681895733	0.0001132853852595872	0.047596197426319126	0.008597555719316006	0.016604608613997696	0.0005796737549826502	0.0
G[T>G]A	0.000149783509405097	0.0011220224830321968	0.0006358045237720944	7.815152406692505e-05	0.0003803520728251897	0.0011655999347567557	0.0011447153496555985	0.004800647841766477	1.2865486069131293e-05	9.68795239168685e-05
G[T>G]C	0.00019082960003288462	0.0016986235370859504	0.000621294007578399	0.0017313596582971514	0.00018325026423553936	0.0014779884926974774	0.005551988864317537	0.0020378413470461963	6.954796757781879e-05	4.5893678543507124e-05
G[T>G]G	0.001823639483191073	0.0007436258310917765	0.0024893624684773387	0.0013598902942612767	0.0016161798685789108	0.002536886972375214	0.0033172949589788912	0.007914944468066096	0.0	0.00025963425505324265
G[T>G]T	0.0015303359599784017	0.003148929574526846	0.00391639546956867	0.0049220534320920705	0.000131379401027516	0.006419679019600153	0.07849171236157418	0.003213783921673894	3.2499624251230055e-05	3.0441786564097494e-05
T[C>A]A	0.0006048103130888194	0.04864410936832428	0.003866618322208524	0.0012255222862586378	0.045800178721547125	0.0008651447121519596	0.0018666859203949572	0.01430460887029767	0.0001194193829451251	0.03065621979534626
T[C>A]C	0.001102994626853615	0.007019190192222595	0.004118691408075392	0.0045609004236757756	0.04598844088613987	8.795266033245954e-05	0.001293874024413526	0.010913234576582909	0.0008371125964913517	0.011212471183389425
T[C>A]G	5.198600247240393e-05	0.0011623902409337462	0.00033388732263119893	0.0002659644914092496	0.008495804341509938	0.00035715132078621535	0.00022830474394140764	0.0013750448334030807	3.061805996367184e-06	0.001961492814589292
T[C>A]T	0.000748924873478245	0.3675364142656326	0.006872740536928177	0.017731107342988252	0.05166255794465542	0.0	6.396751395480698e-06	0.006533423194747423	0.0006733449150832729	0.013334775380790233
T[C>G]A	3.488801185672233e-05	0.0	0.0006435490024159663	1.760595478117466e-06	0.0077446503005921844	0.00021519949039821768	1.2661619799500534e-14	0.0031547857608529746	0.0	0.16942817479372024
T[C>G]C	0.00025298884822404943	1.087558680865186e-05	0.0019068422722921241	1.9268011851636403e-06	0.00896785406395793	5.901540240074615e-05	0.0006711075117345899	0.01082665717229247	0.00029117280704667794	0.03500636845827103
T[C>G]G	0.00012446631444618106	9.796975099618521e-08	0.0002354690116681013	1.0980765756585242e-06	0.0020683505292981865	5.9667852451639194e-06	5.203095305660099e-05	0.0018140839831903577	1.1664710737456138e-05	0.006912858253344894
T[C>G]T	0.00017600191851445206	3.350674033299583e-05	0.004079248609195929	0.00022342072916217148	0.008993389252573251	0.0025568793201819063	0.0021318461326882243	0.012492386773228645	5.23853202867343e-05	0.20071613430976867
T[C>T]A	0.20749777048826218	0.0025865829735994337	0.009198525853041177	0.008622247511520981	0.00034883566899225117	0.0035168457264080646	0.0016793516452889888	0.007771965391293633	0.019170876741409302	0.2726652604341507
T[C>T]C	0.34542317092418673	0.010259574023075401	0.08806534744799137	0.0	0.0006406769118122083	0.00014475589694796007	0.000799414033662037	0.0031438564210509146	0.12168598249554634	0.03852383442223072
T[C>T]G	0.06495556332170964	0.07471961216069758	0.07869225963950158	0.03232128906995058	8.876151987351477e-06	0.003048431507777423	0.001020015990070533	0.0001274368877056986	0.0	0.02463304974138737
T[C>T]T	0.10631953284144402	0.03997571889311075	0.10735567780211568	9.817961836233735e-05	0.0027820683489095293	6.506778940092773e-05	0.002889343220740557	0.007635147636756301	0.11203441604971885	0.13387445449829102
T[T>A]A	0.000731201620073989	0.001403559895697981	0.008509389339014888	0.003518526260741055	0.007745505347847939	0.011238458566367626	0.003199254903011024	0.026125289537012576	4.911091936264711e-05	0.00029416216304525736
T[T>A]C	0.00042350070776592475	0.0005814360646763816	0.005323388278193306	0.0007087137480266392	0.0028442234825342893	0.002368043540045619	0.00282185866497457	0.013030851818621158	0.00029320249217562377	4.6536049771930267e-05
T[T>A]G	0.0001275161740295516	0.0005885360669344664	0.002662142954650335	0.0	0.008070338470861315	0.00156342240748927	0.0009293272544164211	0.012484920788556337	0.00015113996447325918	0.00019633238509413786
T[T>A]T	0.0021134680128434276	0.0051072674617171285	0.04378944071941078	0.0012586289551109076	0.004248684230260551	0.007097489787265658	0.011541829444468021	0.02689583905041218	0.0	0.0002068696400965564
T[T>C]A	0.004114861548878253	0.0070869335718452935	0.013569807363674045	0.005879694074392319	0.003850772138684988	0.04613653637468815	0.00653762306086719	0.022319379076361657	0.0003005402452663475	0.0001701141683588503
T[T>C]C	0.0011666119191795588	0.0069966767635196445	0.0059443182032555344	0.00953270772472024	5.27047470677644e-05	0.02815923660993576	0.009979592729359865	0.010887829773128032	0.0005899324361234903	9.854174179054098e-05
T[T>C]G	0.0009486092254519463	0.0035721838474273683	0.006715473164222203	0.006264578765258193	0.003851414415985346	0.03381105914711952	0.0049091498740017414	0.006932550482451916	0.0001650502922529995	9.82881417257886e-05
T[T>C]T	0.0008353515905469114	0.01059953948482871	0.019900551158934833	0.005478136214660481	0.0004770045760960784	0.05129075676202774	0.015290007125586272	0.017970473561435937	0.0004672971801483072	0.00031610864112735726
T[T>G]A	0.00027668130773236046	0.015665253456681967	0.004303626706823707	0.0	0.00013648960361024366	0.0007082377735059709	0.005599690200760961	0.013919348493218422	3.1176912631364775e-05	0.00022189663584867958
T[T>G]C	0.00016240737781174634	0.008055276591330767	0.004856488061559503	0.00013300155922479461	7.846133165003267e-05	0.001485495395027101	0.00870407696813345	0.005642592869699001	0.00015436364203196717	4.8404219469375676e-05
T[T>G]G	0.00017674107298262242	0.002749603036791086	0.0044255256396718325	0.0005406390887219459	0.002051172328647226	0.0032599179400131105	0.005085987653583288	0.01047076690942049	7.556220264177682e-05	0.00011600262427236884
T[T>G]T	0.00031066362746059897	0.14464118719100952	0.015476060749497264	0.0	0.0001410621332620525	0.0073076979722827675	0.10551183119416237	0.011920846458524465	0.00018730466385022737	0.00035430419142358006
