MutationType	SBS96A	SBS96B	SBS96C	SBS96D	SBS96E	SBS96F	SBS96G	SBS96H	SBS96I	SBS96J
A[C>A]A	1.42E-05	1.98E-05	6.43E-05	2.16E-05	2.51E-04	3.49E-05	2.29E-05	2.12E-04	2.01E-05	1.87E-05
A[C>A]C	8.06E-06	5.81E-06	1.42E-04	4.53E-05	9.14E-05	2.87E-05	1.81E-05	2.02E-04	1.41E-05	1.18E-05
A[C>A]G	1.26E-06	5.95E-06	2.26E-06	2.28E-06	7.04E-05	1.14E-05	5.81E-06	6.12E-05	5.06E-06	5.81E-06
A[C>A]T	7.69E-06	1.97E-04	1.57E-05	3.97E-04	1.52E-04	1.46E-05	2.25E-05	2.01E-04	2.75E-05	1.32E-05
A[C>G]A	5.71E-06	7.48E-06	1.00E-04	6.54E-05	3.93E-05	2.85E-05	1.61E-05	1.25E-04	1.44E-05	2.29E-05
A[C>G]C	4.45E-06	3.10E-06	2.54E-05	1.71E-05	3.54E-05	1.22E-05	9.71E-06	6.12E-05	6.82E-06	1.62E-05
A[C>G]G	3.11E-06	3.33E-07	2.13E-05	2.30E-06	1.36E-05	3.16E-06	4.56E-06	3.03E-05	3.73E-06	6.99E-06
A[C>G]T	8.32E-06	2.93E-06	7.35E-05	5.04E-05	7.33E-05	3.31E-05	1.35E-05	8.35E-05	1.36E-05	2.39E-05
A[C>T]A	1.57E-05	3.90E-05	2.28E-03	7.80E-04	1.07E-04	1.48E-04	2.88E-05	2.51E-04	1.10E-04	5.37E-05
A[C>T]C	4.72E-05	4.82E-05	8.76E-04	7.37E-05	1.59E-04	6.64E-05	1.76E-05	1.44E-04	2.21E-04	2.63E-05
A[C>T]G	7.51E-06	1.55E-04	4.43E-03	1.85E-03	6.05E-05	2.87E-04	6.26E-05	2.29E-04	1.05E-04	5.68E-05
A[C>T]T	2.37E-05	8.39E-05	4.21E-04	5.04E-05	1.69E-04	9.67E-28	1.80E-05	1.07E-04	1.61E-04	1.75E-05
A[T>A]A	3.19E-05	1.64E-05	2.97E-04	2.20E-05	1.12E-04	4.91E-05	2.89E-06	1.05E-04	2.81E-05	1.03E-05
A[T>A]C	6.41E-06	9.19E-06	3.42E-05	1.25E-04	3.74E-05	5.48E-05	1.26E-05	6.59E-05	1.15E-05	7.59E-06
A[T>A]G	8.69E-06	1.25E-06	1.01E-04	4.65E-06	4.90E-05	1.45E-05	1.15E-05	8.56E-05	1.50E-05	9.88E-06
A[T>A]T	1.81E-04	3.43E-05	8.44E-04	1.89E-04	5.93E-05	7.18E-05	2.88E-05	2.27E-04	0.00E+00	4.20E-06
A[T>C]A	1.29E-05	2.29E-04	9.18E-04	1.45E-04	1.36E-04	2.40E-04	3.90E-05	3.43E-04	2.98E-05	2.24E-05
A[T>C]C	6.29E-06	2.58E-05	2.68E-04	2.27E-05	4.52E-05	7.06E-05	1.59E-05	7.04E-05	1.57E-05	8.29E-06
A[T>C]G	2.18E-05	1.15E-05	6.26E-04	2.74E-04	4.42E-05	1.35E-04	3.91E-05	2.37E-04	1.46E-05	1.35E-05
A[T>C]T	2.67E-05	9.13E-05	2.49E-04	2.36E-05	1.77E-04	9.73E-05	2.30E-05	1.21E-04	2.33E-05	1.73E-05
A[T>G]A	1.03E-05	5.18E-05	1.18E-04	0.00E+00	5.77E-05	1.42E-05	1.28E-05	6.10E-05	9.07E-06	7.34E-06
A[T>G]C	7.76E-06	5.28E-05	6.88E-05	3.61E-05	1.03E-05	1.90E-05	1.39E-05	3.62E-05	5.10E-06	4.42E-06
A[T>G]G	2.59E-05	2.32E-05	1.37E-04	6.07E-06	4.36E-05	1.66E-05	1.28E-05	6.11E-05	8.16E-06	4.54E-06
A[T>G]T	8.57E-06	3.92E-04	1.03E-04	1.04E-04	1.65E-05	2.65E-05	4.72E-05	6.94E-05	8.70E-06	7.41E-06
C[C>A]A	7.14E-05	4.10E-05	2.71E-04	7.97E-05	4.67E-04	4.09E-05	2.16E-05	1.91E-04	1.85E-05	2.05E-05
C[C>A]C	1.90E-05	1.72E-05	6.13E-04	2.19E-04	4.06E-04	5.25E-05	1.34E-05	1.31E-04	1.86E-05	1.39E-05
C[C>A]G	1.12E-05	5.95E-06	7.92E-05	3.46E-05	1.24E-04	1.70E-05	1.65E-06	4.46E-06	2.54E-06	6.89E-06
C[C>A]T	7.76E-05	3.13E-04	1.19E-03	1.44E-03	4.93E-04	2.80E-04	2.36E-05	0.00E+00	6.81E-05	1.91E-05
C[C>G]A	4.29E-06	4.47E-07	3.21E-05	0.00E+00	2.56E-05	0.00E+00	1.15E-05	9.31E-05	8.26E-06	2.13E-05
C[C>G]C	6.99E-06	3.96E-07	5.41E-05	1.03E-06	2.39E-05	0.00E+00	9.36E-06	6.77E-05	8.41E-06	1.22E-05
C[C>G]G	5.69E-06	0.00E+00	3.72E-05	2.15E-06	1.01E-05	3.51E-06	2.85E-06	3.43E-05	0.00E+00	1.63E-05
C[C>G]T	1.37E-05	8.56E-07	1.08E-04	8.97E-07	3.72E-05	2.93E-06	1.24E-05	5.80E-05	1.07E-05	2.46E-05
C[C>T]A	4.85E-04	0.00E+00	4.57E-03	2.38E-04	9.55E-05	5.47E-05	2.60E-05	4.19E-04	1.39E-04	4.74E-05
C[C>T]C	9.74E-04	3.07E-05	7.18E-03	3.82E-04	1.73E-04	1.42E-04	2.70E-05	5.26E-04	4.05E-04	0.00E+00
C[C>T]G	1.66E-04	7.70E-05	2.69E-03	1.67E-03	4.16E-05	2.03E-04	4.68E-05	1.40E-04	8.94E-05	3.49E-05
C[C>T]T	7.67E-04	1.80E-05	5.92E-03	3.39E-04	1.64E-04	6.24E-05	2.29E-05	5.56E-04	2.92E-04	3.55E-05
C[T>A]A	6.93E-06	2.90E-06	6.71E-05	8.18E-07	4.97E-05	1.69E-05	1.40E-05	1.20E-04	1.51E-05	8.80E-06
C[T>A]C	1.74E-05	1.26E-06	1.13E-04	1.23E-05	5.30E-05	3.13E-05	1.97E-05	7.81E-05	1.14E-05	6.08E-06
C[T>A]G	7.57E-06	3.37E-06	2.09E-05	2.49E-06	4.59E-05	2.95E-05	2.24E-05	2.20E-04	1.87E-05	7.43E-06
C[T>A]T	4.52E-05	1.00E-05	3.15E-04	1.28E-05	7.79E-05	3.22E-05	2.76E-05	1.39E-04	1.50E-05	7.68E-06
C[T>C]A	2.69E-05	1.49E-05	2.43E-04	1.05E-04	3.80E-05	1.02E-04	2.73E-05	1.55E-04	1.09E-05	7.81E-06
C[T>C]C	7.39E-06	6.57E-06	2.33E-04	5.66E-05	4.95E-05	5.19E-05	4.00E-05	6.47E-05	1.28E-05	5.49E-06
C[T>C]G	1.85E-05	4.09E-06	8.31E-04	3.59E-04	6.36E-05	1.06E-04	4.28E-05	2.10E-04	1.25E-05	8.14E-06
C[T>C]T	1.15E-04	0.00E+00	6.47E-04	6.71E-05	3.68E-05	7.47E-05	6.19E-05	1.65E-04	8.52E-06	1.04E-05
C[T>G]A	6.63E-06	4.90E-05	3.78E-05	1.85E-05	4.27E-05	2.19E-05	1.40E-05	5.82E-05	4.27E-06	4.17E-06
C[T>G]C	1.94E-05	6.01E-06	9.13E-05	5.78E-05	1.13E-05	2.81E-05	2.63E-05	5.86E-05	2.30E-06	4.75E-06
C[T>G]G	3.25E-05	1.58E-05	1.45E-04	8.57E-05	2.63E-05	4.25E-05	2.32E-05	7.23E-05	3.66E-06	5.73E-06
C[T>G]T	2.65E-05	3.73E-05	4.30E-04	3.73E-05	2.57E-05	9.62E-05	1.44E-04	1.50E-04	1.55E-05	9.04E-06
G[C>A]A	4.89E-06	9.88E-06	1.62E-04	4.40E-05	2.24E-04	2.23E-05	1.64E-05	1.39E-04	1.23E-05	1.30E-05
G[C>A]C	9.41E-07	1.60E-05	9.77E-05	1.86E-04	1.53E-04	1.97E-05	1.74E-05	1.65E-04	8.72E-06	1.04E-05
G[C>A]G	1.20E-06	1.06E-06	1.71E-05	1.18E-05	7.99E-05	1.56E-05	5.49E-06	5.68E-05	6.93E-07	4.20E-06
G[C>A]T	0.00E+00	1.75E-04	9.64E-05	9.65E-04	1.37E-04	5.37E-05	2.72E-05	1.82E-04	3.27E-05	1.37E-05
G[C>G]A	2.75E-06	2.47E-06	2.41E-05	1.29E-05	2.23E-05	5.88E-07	1.05E-05	9.38E-05	5.87E-06	1.31E-05
G[C>G]C	3.55E-06	2.90E-06	3.65E-05	1.54E-05	2.09E-05	1.37E-05	8.83E-06	5.24E-05	7.75E-06	9.84E-06
G[C>G]G	2.68E-06	2.40E-09	1.54E-05	3.33E-06	1.52E-05	4.10E-06	5.72E-07	1.81E-05	2.11E-06	4.23E-06
G[C>G]T	5.37E-06	6.02E-06	3.95E-05	1.44E-05	4.42E-05	2.10E-05	1.03E-05	5.51E-05	9.94E-06	1.61E-05
G[C>T]A	0.00E+00	9.11E-05	1.75E-03	3.28E-04	1.22E-04	1.62E-04	2.41E-05	2.66E-04	2.20E-04	5.02E-05
G[C>T]C	4.68E-05	3.84E-04	1.91E-03	1.01E-03	1.70E-04	1.24E-04	4.50E-07	8.08E-19	6.20E-04	3.68E-05
G[C>T]G	6.97E-06	7.52E-04	5.61E-03	7.48E-04	7.05E-05	4.07E-04	5.08E-05	2.47E-04	1.37E-04	5.99E-05
G[C>T]T	1.66E-04	4.30E-04	2.16E-03	8.45E-04	1.57E-04	1.08E-04	1.54E-05	7.77E-05	5.64E-04	3.22E-05
G[T>A]A	7.91E-06	2.74E-06	1.80E-05	2.26E-06	3.72E-05	2.50E-05	5.73E-06	8.57E-05	1.22E-05	7.04E-06
G[T>A]C	3.80E-06	2.08E-06	1.47E-05	1.26E-04	1.77E-05	2.55E-05	1.15E-05	4.27E-05	1.25E-05	5.01E-06
G[T>A]G	6.82E-06	0.00E+00	2.61E-05	5.39E-06	2.89E-05	1.86E-05	1.26E-05	1.03E-04	9.95E-06	7.43E-06
G[T>A]T	2.26E-05	7.32E-06	1.44E-04	1.04E-05	4.85E-05	2.19E-05	1.94E-05	6.94E-05	1.07E-05	8.12E-06
G[T>C]A	2.55E-06	5.24E-04	1.86E-03	3.07E-04	5.58E-05	3.81E-04	5.67E-05	3.78E-04	4.19E-05	1.17E-05
G[T>C]C	8.53E-06	3.11E-04	1.27E-03	4.86E-04	2.72E-05	6.25E-05	2.00E-05	8.75E-05	3.29E-05	6.79E-06
G[T>C]G	7.83E-06	1.39E-04	5.90E-04	9.79E-05	3.35E-05	2.32E-04	3.37E-05	2.20E-04	2.01E-05	8.74E-06
G[T>C]T	1.13E-04	5.72E-05	6.64E-04	2.65E-04	4.29E-05	2.43E-04	3.33E-05	2.31E-04	2.71E-05	0.00E+00
G[T>G]A	4.07E-06	3.11E-06	3.01E-05	5.10E-06	2.56E-05	9.10E-06	7.60E-06	3.04E-05	2.73E-06	4.30E-06
G[T>G]C	2.95E-06	4.61E-06	5.15E-05	6.58E-05	8.94E-06	1.08E-05	1.57E-05	2.01E-05	4.02E-06	3.39E-06
G[T>G]G	3.82E-05	1.01E-05	1.23E-04	1.60E-05	3.63E-05	2.32E-05	1.41E-05	5.72E-05	0.00E+00	9.61E-06
G[T>G]T	2.11E-05	1.81E-05	9.02E-05	1.44E-04	1.16E-05	3.90E-05	5.18E-05	9.15E-05	5.15E-06	4.48E-06
T[C>A]A	1.96E-05	5.47E-04	1.58E-04	4.82E-05	1.92E-04	3.01E-05	1.83E-05	1.70E-04	1.66E-05	7.06E-05
T[C>A]C	3.07E-05	6.88E-05	1.02E-04	1.22E-04	2.31E-04	1.29E-05	1.46E-05	1.23E-04	1.48E-05	3.94E-05
T[C>A]G	2.37E-06	8.88E-06	2.02E-05	1.15E-05	4.82E-05	9.19E-06	5.04E-06	3.21E-05	9.52E-07	1.73E-05
T[C>A]T	4.43E-05	3.77E-03	2.95E-03	8.86E-04	3.39E-04	0.00E+00	5.23E-06	6.23E-04	4.17E-05	6.55E-05
T[C>G]A	8.20E-06	0.00E+00	5.31E-05	1.76E-06	1.23E-04	3.53E-05	1.27E-14	3.15E-04	0.00E+00	2.29E-04
T[C>G]C	1.56E-05	9.80E-07	1.12E-04	8.36E-07	4.77E-05	1.14E-05	1.07E-05	8.78E-05	1.08E-05	6.02E-05
T[C>G]G	2.48E-06	5.39E-08	1.69E-05	2.95E-07	1.23E-05	1.58E-06	4.61E-06	2.75E-05	2.50E-06	2.66E-05
T[C>G]T	3.08E-05	2.32E-06	2.15E-04	1.19E-05	1.77E-04	6.28E-05	2.53E-05	3.54E-04	9.39E-06	2.67E-04
T[C>T]A	2.08E-03	9.40E-05	1.08E-03	1.11E-04	1.23E-04	9.33E-05	6.66E-05	5.22E-04	3.20E-04	1.54E-04
T[C>T]C	2.45E-03	3.62E-04	4.26E-03	0.00E+00	1.36E-04	6.30E-05	7.17E-05	5.06E-04	5.57E-04	3.53E-04
T[C>T]G	1.26E-04	3.35E-03	1.03E-02	1.21E-03	6.29E-06	8.40E-05	3.24E-05	7.80E-05	0.00E+00	8.26E-05
T[C>T]T	1.89E-04	8.95E-04	3.84E-03	5.56E-05	2.43E-04	4.11E-05	3.17E-05	4.59E-04	4.23E-04	1.67E-04
T[T>A]A	7.29E-05	9.30E-06	3.09E-04	1.29E-04	9.51E-05	6.96E-05	2.18E-05	1.63E-04	1.19E-05	8.08E-06
T[T>A]C	5.35E-05	9.54E-06	3.28E-04	4.27E-05	5.01E-05	1.95E-05	1.15E-05	1.17E-04	8.26E-06	4.19E-06
T[T>A]G	2.44E-05	1.03E-05	1.65E-04	0.00E+00	3.80E-05	1.68E-05	1.04E-05	5.10E-05	1.21E-05	8.18E-06
T[T>A]T	5.21E-04	7.75E-05	2.61E-03	8.16E-05	1.03E-04	6.29E-05	3.24E-05	4.90E-04	0.00E+00	1.71E-05
T[T>C]A	1.02E-04	7.17E-05	2.90E-04	4.62E-05	7.22E-05	1.80E-04	3.39E-05	1.76E-04	1.48E-05	9.50E-06
T[T>C]C	4.26E-05	3.83E-05	1.24E-04	1.12E-04	2.62E-05	5.87E-05	3.03E-05	1.84E-04	1.49E-05	6.38E-06
T[T>C]G	6.67E-05	5.35E-05	3.55E-04	1.39E-04	3.05E-05	6.78E-05	2.32E-05	1.29E-04	9.46E-06	7.21E-06
T[T>C]T	2.20E-04	1.54E-04	9.90E-04	1.71E-04	5.82E-05	8.51E-05	4.70E-05	3.38E-04	1.42E-05	1.30E-05
T[T>G]A	3.90E-05	2.07E-04	2.71E-04	0.00E+00	5.40E-05	1.48E-05	2.25E-05	1.53E-04	6.90E-06	8.54E-06
T[T>G]C	4.64E-05	2.48E-05	1.80E-04	2.51E-05	2.18E-05	1.34E-05	1.75E-05	8.15E-05	6.86E-06	5.07E-06
T[T>G]G	4.10E-05	1.38E-05	1.62E-04	2.23E-05	4.51E-05	3.62E-05	2.00E-05	9.35E-05	8.62E-06	5.49E-06
T[T>G]T	1.02E-04	1.32E-03	1.13E-03	0.00E+00	4.55E-05	1.23E-04	8.26E-05	2.74E-04	1.09E-05	1.73E-05
