Samples	SBS96A	SBS96B	SBS96C	SBS96D	SBS96E	SBS96F	SBS96G	SBS96H	SBS96I
LUAD.US_SP50827	3.51E+02	3.49E+02	7.46E+01	4.29E+01	1.04E+02	3.34E+01	2.08E+01	1.98E+01	6.34E+00
LUAD.US_SP50263	2.62E+01	1.50E+01	2.11E+01	1.10E+01	2.91E+01	1.40E+01	1.07E+01	2.41E+01	4.71E+00
LUAD.US_SP50317	6.21E+01	3.71E+01	5.31E+01	8.06E+01	4.48E+01	1.13E+02	2.73E+00	2.40E+01	4.83E+00
LUAD.US_SP54113	6.16E+02	7.32E+02	3.44E+02	1.20E+02	2.03E+02	1.15E+02	9.41E+01	3.39E+01	2.23E+01
LUSC.US_SP56537	1.84E+02	2.22E+02	1.11E+02	5.82E+01	1.03E+02	4.07E+01	4.68E+01	2.25E+01	8.15E+00
LUAD.US_SP50406	2.77E+00	2.48E+00	1.50E+00	4.36E-01	2.53E+00	1.36E+00	4.75E-01	2.66E+00	5.58E-01
LUSC.US_SP57586	1.34E+02	1.11E+02	1.00E+02	5.15E+01	1.84E+02	4.33E+01	5.05E+01	2.73E+01	9.42E+00
LUAD.US_SP51824	9.32E+01	9.45E+01	3.19E+01	4.63E+01	6.33E+01	4.48E+01	2.14E+01	2.28E+01	5.03E+00
LUAD.US_SP55387	1.52E+02	1.60E+02	4.12E+01	2.61E+01	4.83E+01	1.88E+01	1.18E+01	1.23E+01	3.86E+00
LUAD.US_SP52779	3.31E+02	3.20E+02	5.63E+01	4.40E+01	8.72E+01	3.76E+01	1.75E+01	1.96E+01	3.57E+00
LUSC.US_SP56541	2.18E+02	2.64E+02	1.21E+02	8.39E+01	8.38E+01	1.38E+02	2.96E+01	2.38E+01	7.43E+00
LUSC.US_SP56553	3.79E+02	3.09E+02	3.05E+02	7.34E+02	4.01E+02	1.12E+03	1.24E+02	1.31E+02	2.88E+01
LUAD.US_SP55235	7.36E+02	8.42E+02	2.53E+02	1.14E+02	1.81E+02	9.01E+01	6.95E+01	4.48E+01	2.19E+01
LUAD.US_SP50713	6.31E+01	6.65E+01	2.07E+01	5.91E+01	1.92E+01	6.70E+01	1.06E+01	1.35E+01	2.61E+00
LUSC.US_SP56771	4.96E+01	2.91E+01	3.66E+01	1.25E+01	5.36E+01	1.65E+01	2.23E+01	1.64E+01	4.00E+00
LUSC.US_SP57941	6.12E+02	6.51E+02	1.68E+02	8.78E+01	1.70E+02	5.54E+01	4.16E+01	2.62E+01	1.16E+01
LUAD.US_SP50611	5.39E+02	5.85E+02	1.92E+02	7.81E+01	1.68E+02	5.21E+01	3.50E+01	3.08E+01	8.47E+00
LUSC.US_SP57818	5.04E+02	4.96E+02	1.23E+02	6.19E+01	1.82E+02	6.29E+01	3.12E+01	2.51E+01	7.58E+00
LUAD.US_SP50485	7.25E+00	4.75E+00	7.65E+00	7.51E-01	8.51E+00	4.45E+00	4.40E+00	8.87E+00	1.91E+00
LUSC.US_SP56460	7.03E+01	5.94E+01	6.47E+01	9.20E+01	7.27E+01	7.98E+01	3.02E+01	3.11E+01	7.08E+00
LUSC.US_SP56474	5.75E+01	3.22E+01	3.43E+01	6.60E+01	5.78E+01	9.01E+01	1.66E+01	2.53E+01	6.53E+00
LUAD.US_SP51037	6.98E+00	8.18E+00	1.31E+01	4.57E+00	1.19E+01	6.74E+00	7.42E+00	1.33E+01	3.20E+00
LUSC.US_SP56704	2.70E+02	2.51E+02	1.38E+02	7.70E+01	2.27E+02	5.80E+01	6.96E+01	2.45E+01	1.27E+01
LUAD.US_SP55142	7.39E+02	8.87E+02	3.48E+02	2.74E+02	2.49E+02	3.62E+02	1.04E+02	5.62E+01	2.45E+01
LUSC.US_SP56533	9.05E+01	6.58E+01	5.42E+01	2.83E+01	9.26E+01	2.44E+01	3.13E+01	2.00E+01	6.54E+00
LUSC.US_SP56730	1.50E+02	1.20E+02	9.46E+01	5.13E+01	1.71E+02	3.94E+01	5.24E+01	2.14E+01	9.79E+00
LUSC.US_SP59245	1.83E+02	2.18E+02	1.03E+02	1.35E+02	1.04E+02	1.67E+02	4.25E+01	2.76E+01	1.34E+01
LUAD.US_SP53387	2.35E+02	2.34E+02	7.77E+01	2.58E+02	1.24E+02	1.78E+02	2.44E+01	6.49E+01	1.13E+01
LUSC.US_SP57024	8.15E+01	6.57E+01	6.33E+01	2.16E+01	9.71E+01	2.02E+01	3.20E+01	1.88E+01	4.85E+00
LUAD.US_SP54745	1.10E+02	1.14E+02	8.57E+00	2.60E+02	5.05E+01	2.39E+02	3.61E+00	7.49E+00	6.64E+01
LUSC.US_SP57933	1.84E+02	2.21E+02	1.10E+02	6.93E+01	1.46E+02	1.09E+02	5.54E+01	2.95E+01	9.97E+00
LUSC.US_SP56754	1.11E+02	1.33E+02	6.73E+01	4.06E+01	6.69E+01	5.36E+01	3.47E+01	1.66E+01	6.01E+00
LUSC.US_SP56827	2.31E+02	2.87E+02	1.37E+02	5.48E+01	1.03E+02	5.00E+01	3.81E+01	1.59E+01	1.05E+01
LUAD.US_SP52284	1.21E+01	4.97E-01	1.59E+01	7.97E+00	1.77E+01	9.82E+00	6.81E+00	1.62E+01	3.04E+00
LUAD.US_SP53618	6.14E+02	6.37E+02	1.79E+02	7.96E+01	1.99E+02	5.26E+01	4.04E+01	2.36E+01	9.46E+00
LUAD.US_SP52232	2.18E+02	2.43E+02	7.90E+01	3.28E+01	3.19E+01	2.19E+01	1.95E+01	1.61E+01	5.47E+00
LUAD.US_SP50412	5.30E+00	5.10E+00	8.55E+00	2.54E+00	1.03E+01	4.43E+00	5.20E+00	7.25E+00	2.01E+00
LUSC.US_SP57084	1.35E+02	1.20E+02	9.96E+01	3.59E+01	1.61E+02	3.91E+01	5.42E+01	2.76E+01	8.76E+00
LUAD.US_SP50321	1.12E+02	1.08E+02	2.40E+01	1.50E+01	3.62E+01	1.29E+01	7.93E+00	1.07E+01	2.99E+00
LUAD.US_SP53548	1.64E+00	2.15E+00	1.76E+01	2.31E+00	2.07E+01	1.03E+01	1.43E+01	2.56E+01	2.91E+01
LUSC.US_SP57538	2.35E+02	1.19E+02	1.17E+02	6.21E+01	2.38E+02	3.78E+01	7.01E+01	2.41E+01	1.13E+01
LUSC.US_SP57735	1.73E+02	1.68E+02	1.02E+02	4.52E+01	1.35E+02	4.93E+01	5.30E+01	1.58E+01	9.41E+00
LUSC.US_SP57669	2.20E+02	2.43E+02	1.07E+02	7.06E+01	1.57E+02	3.62E+01	7.00E+01	3.03E+01	1.11E+01
LUSC.US_SP56566	4.39E+01	4.61E+01	2.88E+01	1.64E+02	4.83E+01	1.62E+02	1.82E+01	3.06E+01	3.59E+00
LUSC.US_SP56569	1.29E+02	1.27E+02	8.86E+01	3.94E+01	1.02E+02	4.05E+01	4.78E+01	1.97E+01	8.68E+00
LUSC.US_SP58342	7.16E+02	6.07E+02	1.90E+02	1.63E+02	3.09E+02	1.93E+02	2.51E+02	2.02E+02	1.91E+01
LUSC.US_SP58349	2.78E+02	1.48E+02	1.48E+02	9.32E+01	2.59E+02	5.76E+01	8.23E+01	3.17E+01	1.57E+01
LUSC.US_SP56644	1.66E+02	1.65E+02	9.94E+01	3.98E+01	1.67E+02	3.99E+01	5.23E+01	2.95E+01	9.87E+00
LUSC.US_SP57629	1.10E+02	7.27E+01	9.96E+01	4.01E+01	1.13E+02	5.91E+01	4.24E+01	4.39E+01	7.65E+00
LUSC.US_SP56941	8.39E+00	2.39E+00	9.72E+00	4.10E+01	2.79E+00	4.67E+01	7.65E+00	1.06E+01	1.44E+00
LUSC.US_SP57619	3.21E+02	3.83E+02	1.57E+02	7.09E+01	1.13E+02	4.15E+01	5.17E+01	2.18E+01	1.03E+01
LUSC.US_SP58245	3.07E+02	2.36E+02	2.13E+02	9.54E+01	2.15E+02	5.01E+01	9.35E+01	2.44E+01	1.63E+01
LUSC.US_SP57251	1.81E+02	1.46E+02	1.26E+02	5.61E+01	2.11E+02	6.72E+01	6.70E+01	3.11E+01	1.08E+01
LUAD.US_SP55004	2.68E+00	1.77E+00	2.98E+00	8.75E-01	3.17E+00	1.68E-01	2.30E+00	2.82E+00	6.30E-01
LUAD.US_SP56079	4.20E+02	4.69E+02	1.32E+02	5.42E+01	7.13E+01	3.89E+01	2.78E+01	2.65E+01	9.93E+00
LUSC.US_SP56502	1.54E+02	1.79E+02	9.86E+01	5.32E+01	1.11E+02	6.11E+01	4.47E+01	1.95E+01	8.93E+00
LUSC.US_SP58668	2.67E+02	2.35E+02	1.99E+02	6.17E+01	3.70E+02	5.30E+01	9.76E+01	4.24E+01	1.47E+01
LUSC.US_SP58101	2.31E+02	1.39E+02	1.25E+02	7.28E+01	2.17E+02	3.77E+01	7.28E+01	2.51E+01	1.20E+01
LUSC.US_SP58991	8.56E+01	7.30E+01	8.51E+01	2.55E+01	1.13E+02	3.86E+01	3.70E+01	2.81E+01	6.26E+00
LUSC.US_SP56607	6.98E+01	6.56E+01	5.96E+01	1.80E+01	8.58E+01	2.13E+01	3.44E+01	2.51E+01	5.39E+00
LUAD.US_SP56168	3.74E+01	3.12E+01	3.00E+01	3.44E+02	8.11E+01	3.10E+02	2.24E+01	6.13E+01	9.87E+00
LUSC.US_SP58326	3.16E+02	3.56E+02	1.53E+02	9.31E+01	2.08E+02	5.79E+01	7.78E+01	2.40E+01	1.32E+01
LUAD.US_SP54363	2.97E+02	2.98E+02	6.94E+01	1.16E+02	1.03E+02	1.07E+02	2.31E+01	2.52E+01	5.52E+00
LUAD.US_SP53810	2.43E+03	2.15E+03	3.77E+02	2.32E+02	4.22E+02	1.37E+02	1.05E+02	5.29E+01	9.55E+00
LUAD.US_SP50518	1.93E+01	7.36E+00	1.62E+01	7.04E+00	1.90E+01	9.40E+00	6.93E+00	1.72E+01	3.76E+00
LUAD.US_SP56303	1.13E+02	5.10E+01	5.94E+01	2.86E+01	6.54E+01	3.05E+01	1.92E+01	3.77E+01	6.84E+00
LUSC.US_SP57267	2.14E+02	2.29E+02	1.44E+02	6.64E+01	1.63E+02	4.77E+01	6.44E+01	2.18E+01	1.18E+01
LUAD.US_SP55711	1.62E+01	1.08E+01	1.64E+01	2.23E+01	2.14E+01	1.95E+01	4.61E+00	1.85E+01	3.74E+00
LUSC.US_SP57066	2.91E+02	3.02E+02	9.49E+01	4.06E+01	1.61E+02	3.51E+01	5.11E+01	2.77E+01	7.87E+00
LUSC.US_SP57901	9.01E+01	9.35E+01	7.37E+01	2.89E+01	9.07E+01	3.19E+01	4.40E+01	3.18E+01	7.32E+00
LUAD.US_SP55509	6.14E+02	6.28E+02	1.79E+02	7.86E+01	2.23E+02	5.41E+01	3.98E+01	2.44E+01	9.83E+00
LUSC.US_SP57651	7.63E+01	5.04E+01	5.04E+01	2.13E+01	1.00E+02	2.56E+01	2.73E+01	1.76E+01	6.22E+00
LUAD.US_SP55309	5.43E+00	3.70E+00	7.71E+00	1.91E+00	1.14E+00	3.56E+00	3.52E+00	6.73E+00	1.33E+00
LUAD.US_SP52607	7.87E+00	8.85E+00	9.97E+00	1.04E+01	1.11E+01	8.56E+00	5.99E+00	1.12E+01	2.30E+00
LUAD.US_SP52667	3.17E+02	3.35E+02	6.83E+01	3.88E+01	5.76E+01	2.54E+01	1.60E+01	1.71E+01	6.73E+00
LUSC.US_SP57450	5.14E+01	3.37E+01	3.68E+01	1.27E+02	4.70E+01	1.60E+02	1.63E+01	2.41E+01	5.57E+00
LUSC.US_SP57846	1.70E+02	1.79E+02	6.85E+01	2.23E+02	1.27E+02	2.49E+02	4.68E+01	4.43E+01	7.69E+00
LUSC.US_SP58612	2.00E+02	1.88E+02	9.37E+01	3.88E+01	9.03E+01	3.04E+01	8.17E+01	6.45E+01	8.72E+00
LUSC.US_SP56821	1.66E+02	1.74E+02	6.82E+01	2.87E+01	7.95E+01	3.06E+01	6.37E+01	4.53E+01	6.95E+00
LUAD.US_SP51446	3.58E+00	1.01E+01	2.20E+01	7.71E+00	2.22E+01	9.58E+00	8.49E+00	1.54E+01	2.67E+00
LUAD.US_SP50592	9.08E+00	7.85E+00	1.66E+01	4.91E+00	1.46E+01	8.11E+00	7.43E+00	1.48E+01	2.60E+00
LUAD.US_SP53073	1.20E+02	1.21E+02	4.10E+01	2.19E+01	7.95E+01	1.82E+01	2.34E+01	1.59E+01	1.58E+01
LUSC.US_SP58882	1.54E+02	8.69E+01	8.09E+01	3.37E+01	1.46E+02	2.57E+01	4.53E+01	2.51E+01	8.86E+00
LUSC.US_SP57189	6.01E+02	7.24E+02	2.95E+02	1.18E+02	2.47E+02	9.92E+01	9.74E+01	9.32E+00	1.91E+01
