Samples	SBS96A	SBS96B	SBS96C	SBS96D	SBS96E	SBS96F	SBS96G	SBS96H	SBS96I
LUAD.US_SP50827	17727	11118	1903	1216	4726	2265	463	1777	524
LUAD.US_SP50263	1089	140	935	1200	1279	211	293	4842	445
LUAD.US_SP50317	311	769	546	7380	4392	1116	0	1516	278
LUAD.US_SP54113	44155	23241	20938	8862	4671	6924	3802	814	2380
LUSC.US_SP56537	15957	5474	8442	1521	6295	1002	2451	1075	209
LUAD.US_SP50406	70	8	0	6	0	4	0	499	2
LUSC.US_SP57586	5310	8644	10878	844	5689	1187	1551	2295	724
LUAD.US_SP51824	4211	5606	4153	2714	1376	2955	1036	2777	210
LUAD.US_SP55387	8889	5787	2737	313	2323	551	61	319	137
LUAD.US_SP52779	15474	11154	1577	2219	4694	2785	549	1514	0
LUSC.US_SP56541	16330	6842	5404	10259	2361	1287	1265	1272	236
LUSC.US_SP56553	5330	21338	19130	72193	6036	8211	1171	1489	1217
LUAD.US_SP55235	40495	34338	17302	3821	5264	7971	2188	2523	4099
LUAD.US_SP50713	2766	2829	1665	4022	0	1958	197	984	13
LUSC.US_SP56771	1603	504	3791	367	2092	1004	1037	1973	176
LUSC.US_SP57941	35987	19795	6944	2622	8148	1410	2065	1286	582
LUAD.US_SP50611	30794	15804	2212	1967	2060	751	135	2104	57
LUSC.US_SP57818	26419	13772	101	4675	5197	1547	237	831	118
LUAD.US_SP50485	164	14	227	0	125	153	54	1546	53
LUSC.US_SP56460	4782	1327	4420	3495	7035	6679	1550	1264	513
LUSC.US_SP56474	496	501	3001	5890	2255	2135	401	2997	753
LUAD.US_SP51037	9	178	0	284	257	63	159	3092	253
LUSC.US_SP56704	14577	12844	17171	1063	3799	2212	1368	1446	635
LUAD.US_SP55142	54262	31850	25963	25066	6242	13237	3218	2042	2874
LUSC.US_SP56533	4636	2630	6937	680	3060	1050	1346	1688	382
LUSC.US_SP56730	7383	7077	11739	1165	4640	1285	1778	1443	534
LUSC.US_SP59245	13876	8525	9570	10304	3053	7467	1505	871	1912
LUAD.US_SP53387	11603	8268	232	2320	3498	16755	378	244	429
LUSC.US_SP57024	4122	3588	6715	1414	3804	1193	1382	1636	188
LUAD.US_SP54745	3777	3645	0	8914	0	12230	0	0	19896
LUSC.US_SP57933	15468	9031	11787	10108	6903	1775	2008	1415	728
LUSC.US_SP56754	9621	3673	5671	4457	2725	1897	2085	1341	239
LUSC.US_SP56827	19236	7516	7052	4515	3883	992	1869	797	1286
LUAD.US_SP52284	234	4	678	269	1347	474	90	2036	143
LUAD.US_SP53618	33097	18604	2372	1183	4938	1407	1090	1065	104
LUAD.US_SP52232	11545	8569	2886	691	0	605	578	1911	236
LUAD.US_SP50412	0	23	603	9	195	82	118	1004	81
LUSC.US_SP57084	7703	7144	11421	2604	6287	3918	2034	2153	533
LUAD.US_SP50321	5580	3400	647	221	1519	380	159	1114	141
LUAD.US_SP53548	0	0	217	0	469	28	307	1240	7884
LUSC.US_SP57538	4981	6645	15832	4984	3388	285	2273	1984	700
LUSC.US_SP57735	12096	7174	11544	5378	3631	1496	2293	1425	599
LUSC.US_SP57669	14750	12713	11718	2673	4580	375	4000	1439	918
LUSC.US_SP56566	2309	1113	1033	7846	2639	7093	744	824	0
LUSC.US_SP56569	9920	5237	8920	4267	3262	976	2233	1035	630
LUSC.US_SP58342	19012	11083	0	11279	3008	2705	23437	4894	538
LUSC.US_SP58349	11671	6705	16854	1779	4722	682	2227	2328	1380
LUSC.US_SP56644	10816	8520	11978	3046	7891	3336	1654	2127	553
LUSC.US_SP57629	4905	1961	7020	420	10307	2546	1223	2992	434
LUSC.US_SP56941	0	0	117	2765	0	1114	173	1221	0
LUSC.US_SP57619	24813	11273	8369	2649	4543	1072	3185	959	459
LUSC.US_SP58245	19443	6623	19758	3893	4731	1248	3697	1483	716
LUSC.US_SP57251	9863	8056	14840	5656	6444	5141	2764	828	645
LUAD.US_SP55004	49	0	90	8	52	0	30	337	4
LUAD.US_SP56079	21399	17159	4159	1859	97	1562	375	2267	1326
LUSC.US_SP56502	12378	6212	10001	5550	5192	3520	1791	1849	501
LUSC.US_SP58668	6923	20410	19351	5298	7495	3202	3378	1054	773
LUSC.US_SP58101	8264	6997	15483	2160	2808	422	3075	1222	695
LUSC.US_SP58991	4036	4659	7439	853	6177	2307	1447	1843	451
LUSC.US_SP56607	3358	3314	5689	908	3666	1456	2005	1159	196
LUAD.US_SP56168	0	359	0	12749	2849	16017	134	682	579
LUSC.US_SP58326	21310	16454	17513	2524	8931	1868	3777	833	314
LUAD.US_SP54363	15532	9078	942	5146	5358	6793	630	646	439
LUAD.US_SP53810	64985	107870	0	2643	14753	402	0	0	0
LUAD.US_SP50518	808	50	728	372	660	490	139	2870	274
LUAD.US_SP56303	1854	727	0	1257	7812	459	75	3171	582
LUSC.US_SP57267	17544	7694	14004	2021	5531	2154	3173	880	599
LUAD.US_SP55711	344	150	831	906	1359	1377	0	2710	252
LUSC.US_SP57066	12291	17366	10123	3493	9138	2825	2403	1734	287
LUSC.US_SP57901	6469	3749	6853	1138	5375	1477	2520	2002	555
LUAD.US_SP55509	34698	16782	3613	3078	6670	1866	1456	252	77
LUSC.US_SP57651	1211	3710	5365	2441	1819	908	1113	1664	491
LUAD.US_SP55309	136	0	10	21	0	114	47	1464	20
LUAD.US_SP52607	219	292	0	375	64	562	175	2286	63
LUAD.US_SP52667	15221	12727	2207	671	964	786	0	1727	488
LUSC.US_SP57450	2145	1025	3088	9891	1958	4046	419	2528	374
LUSC.US_SP57846	6146	11650	6950	13546	3332	9973	2307	952	231
LUSC.US_SP58612	8289	2556	3373	567	1364	1121	7201	4005	697
LUSC.US_SP56821	7720	6478	5158	363	3530	1529	5288	1637	315
LUAD.US_SP51446	0	560	521	59	752	676	183	2844	63
LUAD.US_SP50592	0	156	369	38	743	442	242	2986	136
LUAD.US_SP53073	4596	7314	4068	239	1308	580	913	963	4266
LUSC.US_SP58882	1530	1604	9960	2750	2829	1057	1917	2347	657
LUSC.US_SP57189	43583	24380	21380	9770	10398	3631	5040	0	327
