MutationType	SBS96A	SBS96B	SBS96C	SBS96D	SBS96E	SBS96F	SBS96G	SBS96H
A[C>A]A	6.48E-06	3.87E-06	5.09E-05	2.08E-04	3.20E-05	2.89E-05	4.56E-04	1.81E-05
A[C>A]C	5.40E-06	4.82E-06	2.50E-05	7.90E-05	2.48E-05	2.45E-05	3.58E-04	1.20E-05
A[C>A]G	9.04E-07	1.27E-06	6.04E-06	6.47E-05	5.60E-06	4.36E-06	4.16E-05	4.28E-06
A[C>A]T	6.69E-06	7.81E-06	1.57E-05	1.12E-04	5.26E-06	2.62E-05	3.57E-04	1.20E-05
A[C>G]A	8.26E-06	1.57E-06	8.35E-06	5.05E-05	6.79E-05	3.38E-05	4.16E-04	2.82E-05
A[C>G]C	5.68E-06	1.25E-06	1.07E-05	4.13E-05	5.31E-05	2.20E-05	2.53E-04	2.32E-05
A[C>G]G	2.14E-06	2.53E-08	1.63E-06	1.49E-05	1.02E-05	8.29E-06	8.33E-05	9.07E-06
A[C>G]T	1.10E-05	1.45E-06	2.07E-05	9.47E-05	1.17E-04	4.52E-05	5.25E-04	4.46E-05
A[C>T]A	3.17E-05	7.18E-06	4.20E-04	5.84E-05	1.78E-04	4.92E-05	7.83E-04	3.54E-05
A[C>T]C	2.80E-04	1.24E-05	6.97E-04	1.46E-04	1.22E-04	3.05E-05	3.70E-03	2.68E-05
A[C>T]G	6.21E-06	1.54E-05	3.03E-04	6.45E-05	5.47E-04	5.12E-05	2.32E-04	3.63E-05
A[C>T]T	2.89E-04	7.45E-06	7.17E-04	1.21E-04	1.19E-04	5.39E-05	2.85E-03	2.31E-05
A[T>A]A	2.56E-05	3.39E-06	1.16E-07	1.67E-04	3.35E-04	7.29E-05	1.00E-03	1.60E-05
A[T>A]C	7.55E-06	2.20E-06	5.01E-05	3.96E-05	1.06E-04	2.87E-05	3.68E-04	9.43E-06
A[T>A]G	1.24E-05	1.59E-08	8.83E-08	8.56E-05	1.25E-04	4.10E-05	5.35E-04	1.49E-05
A[T>A]T	3.67E-05	7.05E-06	1.89E-04	7.57E-05	1.11E-04	4.36E-05	7.81E-04	1.51E-05
A[T>C]A	1.73E-05	9.02E-06	3.21E-04	1.01E-04	2.76E-04	6.63E-05	1.26E-03	1.91E-05
A[T>C]C	5.94E-06	5.16E-06	1.33E-04	4.44E-05	7.78E-05	1.82E-05	3.91E-04	7.83E-06
A[T>C]G	1.01E-05	6.32E-06	4.80E-04	9.73E-05	1.73E-04	2.76E-05	6.49E-04	1.16E-05
A[T>C]T	2.35E-05	7.62E-06	6.45E-05	1.82E-04	4.84E-04	9.21E-05	1.25E-03	3.32E-05
A[T>G]A	1.12E-05	4.50E-06	0.00E+00	8.48E-05	1.13E-04	3.79E-05	3.99E-04	1.71E-05
A[T>G]C	3.69E-06	4.54E-06	1.67E-05	1.37E-05	2.63E-05	1.33E-05	1.04E-04	5.33E-06
A[T>G]G	9.05E-06	3.06E-06	3.43E-06	5.44E-05	7.51E-05	2.36E-05	2.80E-04	1.16E-05
A[T>G]T	7.79E-06	1.23E-05	3.07E-05	2.45E-05	7.62E-05	1.24E-04	1.87E-04	7.42E-06
C[C>A]A	1.10E-05	5.35E-06	2.35E-04	4.21E-04	2.90E-04	2.12E-05	1.04E-04	2.58E-05
C[C>A]C	8.20E-06	3.77E-06	3.26E-04	3.56E-04	4.40E-04	1.38E-05	3.49E-05	1.88E-05
C[C>A]G	2.76E-06	1.70E-06	8.33E-05	1.03E-04	1.01E-04	5.56E-08	1.71E-06	4.80E-06
C[C>A]T	1.11E-05	1.03E-05	3.84E-04	3.47E-04	8.82E-04	3.34E-05	3.97E-05	1.99E-05
C[C>G]A	4.51E-06	6.26E-08	2.96E-06	3.58E-05	1.25E-05	2.17E-05	2.36E-04	3.03E-05
C[C>G]C	5.36E-06	0.00E+00	2.34E-06	3.71E-05	1.61E-05	2.05E-05	2.24E-04	1.47E-05
C[C>G]G	2.61E-06	0.00E+00	2.17E-06	1.02E-05	9.38E-06	6.52E-06	8.34E-05	1.64E-05
C[C>G]T	9.11E-06	0.00E+00	1.89E-06	7.27E-05	3.42E-05	3.75E-05	3.86E-04	4.97E-05
C[C>T]A	6.81E-05	7.61E-07	1.86E-04	8.46E-05	1.90E-04	6.52E-05	3.01E-04	6.20E-05
C[C>T]C	2.14E-04	1.55E-05	5.30E-04	1.68E-04	1.69E-04	4.36E-05	3.97E-03	4.69E-05
C[C>T]G	2.56E-05	1.07E-05	1.50E-04	3.88E-05	4.07E-04	3.69E-05	1.24E-04	3.10E-05
C[C>T]T	1.63E-04	1.48E-05	5.21E-04	1.21E-04	2.35E-04	7.63E-05	2.69E-03	6.35E-05
C[T>A]A	1.09E-05	1.56E-06	0.00E+00	8.91E-05	9.67E-05	4.32E-05	5.29E-04	9.84E-06
C[T>A]C	1.20E-05	0.00E+00	1.87E-05	7.97E-05	1.61E-04	3.33E-05	5.50E-04	7.78E-06
C[T>A]G	7.62E-06	1.09E-06	2.91E-06	5.42E-05	9.08E-05	3.69E-05	5.15E-04	7.35E-06
C[T>A]T	1.94E-05	2.58E-06	2.95E-05	1.45E-04	1.59E-04	2.35E-05	7.30E-04	1.36E-05
C[T>C]A	9.17E-06	3.51E-06	2.07E-04	7.20E-05	1.26E-04	2.27E-05	5.69E-04	6.78E-06
C[T>C]C	7.57E-06	3.86E-06	1.45E-04	4.42E-05	6.65E-05	6.36E-05	4.28E-04	6.46E-06
C[T>C]G	5.70E-06	6.36E-06	6.31E-04	1.42E-04	5.04E-04	9.16E-05	1.81E-04	8.67E-06
C[T>C]T	2.41E-05	0.00E+00	1.26E-04	6.07E-05	2.20E-04	2.16E-04	6.47E-04	1.07E-05
C[T>G]A	6.22E-06	3.79E-06	4.93E-06	5.29E-05	8.52E-05	2.43E-05	2.70E-04	1.24E-05
C[T>G]C	3.79E-06	2.95E-06	8.32E-05	1.24E-05	4.20E-05	4.72E-05	1.20E-04	4.34E-06
C[T>G]G	7.40E-06	3.24E-06	8.80E-05	2.90E-05	3.34E-05	2.01E-05	2.86E-04	7.23E-06
C[T>G]T	2.10E-05	1.74E-05	6.70E-05	6.85E-05	1.52E-04	7.82E-04	1.36E-05	6.46E-06
G[C>A]A	3.28E-06	3.82E-06	9.65E-05	1.95E-04	1.01E-04	1.79E-05	1.53E-04	1.35E-05
G[C>A]C	2.58E-06	4.34E-06	6.19E-05	1.43E-04	9.27E-05	1.23E-05	1.29E-04	1.08E-05
G[C>A]G	5.40E-07	1.13E-06	3.21E-05	7.35E-05	3.99E-05	4.18E-06	6.91E-06	3.78E-06
G[C>A]T	2.77E-06	7.73E-06	4.74E-05	1.20E-04	1.22E-04	1.43E-05	1.17E-04	1.24E-05
G[C>G]A	2.95E-06	1.48E-06	4.99E-06	2.11E-05	1.51E-05	1.58E-05	1.71E-04	1.56E-05
G[C>G]C	4.61E-06	1.27E-06	7.40E-06	2.84E-05	4.44E-05	2.05E-05	2.32E-04	1.28E-05
G[C>G]G	9.87E-07	0.00E+00	3.99E-06	1.21E-05	5.98E-06	2.96E-06	3.85E-05	4.19E-06
G[C>G]T	7.17E-06	1.38E-06	2.19E-05	6.43E-05	7.76E-05	3.22E-05	3.39E-04	3.93E-05
G[C>T]A	7.35E-06	9.99E-06	5.16E-04	7.03E-05	2.28E-04	4.69E-05	8.93E-04	3.37E-05
G[C>T]C	2.51E-04	1.71E-05	8.78E-04	1.72E-04	4.45E-04	1.99E-06	3.76E-03	2.96E-05
G[C>T]G	1.36E-05	2.08E-05	3.10E-04	9.28E-05	8.47E-04	6.64E-05	3.22E-04	4.25E-05
G[C>T]T	1.72E-04	1.80E-05	7.29E-04	1.05E-04	1.36E-04	3.21E-05	2.43E-03	2.47E-05
G[T>A]A	7.79E-06	1.18E-06	0.00E+00	4.90E-05	9.99E-05	2.81E-05	3.85E-04	8.10E-06
G[T>A]C	3.44E-06	1.27E-06	2.52E-05	1.81E-05	4.25E-05	1.41E-05	1.91E-04	5.18E-06
G[T>A]G	5.93E-06	0.00E+00	6.88E-06	2.29E-05	8.10E-05	2.38E-05	3.23E-04	7.52E-06
G[T>A]T	1.13E-05	2.20E-06	1.11E-05	7.13E-05	1.09E-04	3.23E-05	4.32E-04	1.33E-05
G[T>C]A	4.95E-06	8.92E-06	5.40E-04	1.31E-04	3.17E-04	2.48E-05	4.24E-04	1.51E-05
G[T>C]C	4.43E-06	7.31E-06	1.71E-04	3.53E-05	9.58E-05	2.04E-05	2.36E-04	8.43E-06
G[T>C]G	5.78E-06	5.77E-06	4.85E-04	1.00E-04	3.47E-04	3.04E-05	3.00E-04	1.01E-05
G[T>C]T	3.58E-05	9.40E-06	2.46E-04	8.96E-05	2.17E-04	2.97E-05	8.07E-04	9.57E-06
G[T>G]A	4.16E-06	2.43E-06	7.03E-07	3.57E-05	4.44E-05	1.54E-05	1.69E-04	1.06E-05
G[T>G]C	2.26E-06	3.16E-06	9.91E-06	9.82E-06	1.55E-05	1.55E-05	6.87E-05	4.50E-06
G[T>G]G	1.07E-05	2.80E-06	1.29E-05	4.33E-05	5.61E-05	2.36E-05	2.61E-04	1.56E-05
G[T>G]T	9.50E-06	5.59E-06	7.63E-05	1.66E-05	4.80E-05	1.85E-04	1.21E-04	5.74E-06
T[C>A]A	9.15E-06	1.69E-05	8.47E-05	1.49E-04	3.19E-05	2.61E-05	4.07E-04	7.57E-05
T[C>A]C	6.80E-06	6.02E-06	3.37E-05	1.75E-04	1.69E-05	2.20E-05	3.02E-04	4.46E-05
T[C>A]G	1.00E-06	2.65E-06	2.01E-05	4.17E-05	1.93E-05	4.49E-06	3.51E-05	1.85E-05
T[C>A]T	2.96E-05	4.71E-05	2.54E-04	2.39E-04	2.78E-18	8.81E-05	1.41E-04	8.42E-05
T[C>G]A	7.76E-06	0.00E+00	0.00E+00	1.50E-04	5.51E-06	2.28E-05	1.29E-04	2.24E-04
T[C>G]C	6.53E-06	1.20E-07	2.67E-06	6.67E-05	2.71E-05	2.39E-05	2.93E-04	6.31E-05
T[C>G]G	1.63E-06	0.00E+00	3.65E-07	1.20E-05	4.90E-06	4.57E-06	5.27E-05	2.66E-05
T[C>G]T	2.15E-05	1.91E-06	9.60E-06	2.10E-04	5.33E-05	3.94E-05	4.18E-04	1.31E-04
T[C>T]A	3.52E-04	1.19E-05	1.65E-04	2.06E-04	1.07E-04	5.32E-05	8.76E-04	1.74E-04
T[C>T]C	3.72E-04	1.91E-05	6.07E-04	2.08E-04	2.09E-04	7.74E-05	4.54E-03	1.84E-04
T[C>T]G	1.61E-04	2.25E-05	4.91E-05	1.88E-17	2.21E-04	3.51E-05	1.18E-04	5.53E-05
T[C>T]T	1.25E-04	2.27E-05	5.09E-04	1.44E-04	1.84E-04	4.89E-05	3.61E-03	9.12E-05
T[T>A]A	2.37E-05	3.94E-06	3.64E-05	1.29E-04	2.45E-04	6.69E-05	8.98E-04	1.27E-05
T[T>A]C	1.35E-05	1.75E-06	1.95E-05	8.80E-05	1.45E-04	3.86E-05	4.68E-04	8.48E-06
T[T>A]G	1.09E-05	2.35E-06	0.00E+00	7.48E-05	9.56E-05	3.47E-05	4.41E-04	1.18E-05
T[T>A]T	4.82E-05	5.93E-06	2.62E-05	1.90E-04	2.92E-04	7.75E-05	1.05E-03	1.52E-05
T[T>C]A	2.65E-05	6.95E-06	2.55E-04	9.86E-05	2.13E-04	5.18E-05	9.75E-04	1.18E-05
T[T>C]C	1.15E-05	7.50E-06	1.90E-04	5.47E-05	5.58E-05	2.16E-05	4.84E-04	7.21E-06
T[T>C]G	8.98E-06	6.05E-06	2.86E-04	5.72E-05	1.21E-04	1.51E-05	3.26E-04	7.07E-06
T[T>C]T	2.14E-05	7.95E-06	3.14E-04	1.00E-04	1.71E-04	2.95E-05	8.76E-04	1.12E-05
T[T>G]A	1.62E-05	1.27E-05	0.00E+00	1.17E-04	1.16E-04	4.38E-05	5.13E-04	4.21E-05
T[T>G]C	7.64E-06	6.62E-06	3.36E-06	4.07E-05	7.64E-05	1.58E-05	2.15E-04	9.84E-06
T[T>G]G	1.07E-05	3.83E-06	9.53E-06	6.65E-05	9.65E-05	3.01E-05	3.64E-04	1.13E-05
T[T>G]T	2.58E-05	3.89E-05	0.00E+00	7.83E-05	3.14E-04	2.01E-04	5.53E-04	2.04E-05
