MutationType	SBS96A	SBS96B	SBS96C	SBS96D	SBS96E	SBS96F	SBS96G	SBS96H
A[C>A]A	0.00076061	0.00129611	0.00137453	0.04985243	0.00222073	0.00398843	0.00149888	0.00098182
A[C>A]C	0.00036755	0.00287674	0.00271897	0.02745781	0.00172406	0.00229083	0.00156028	0.00057330
A[C>A]G	0.00003878	0.00014500	0.00013981	0.01109701	0.00001518	0.00007525	0.00014454	0.00008571
A[C>A]T	0.00043599	0.01185395	0.00851937	0.03272395	0.00001034	0.00220416	0.00179788	0.00042819
A[C>G]A	0.00043901	0.00027235	0.00155873	0.01475549	0.00321599	0.00166352	0.00132886	0.00273113
A[C>G]C	0.00035073	0.00011822	0.00041600	0.00620560	0.00192579	0.00135627	0.00093637	0.00119751
A[C>G]G	0.00021746	0.00000003	0.00002953	0.00300383	0.00021957	0.00030411	0.00026939	0.00025480
A[C>G]T	0.00063674	0.00006672	0.00072375	0.00985283	0.00477578	0.00302569	0.00177061	0.00322338
A[C>T]A	0.00022544	0.00052342	0.05545792	0.01490705	0.01210799	0.00350114	0.02935284	0.00570046
A[C>T]C	0.01683984	0.00262810	0.01549743	0.00399298	0.00037037	0.00076715	0.10058943	0.00068106
A[C>T]G	0.00038907	0.00649753	0.09922617	0.00297800	0.00877488	0.00688160	0.00702602	0.00274754
A[C>T]T	0.00652323	0.00515742	0.01658795	0.00733562	0.00117827	0.00227739	0.08771316	0.00203318
A[T>A]A	0.00336440	0.00077765	0.00000016	0.01122041	0.01553665	0.00171396	0.00349104	0.00058186
A[T>A]C	0.00092032	0.00020335	0.00218864	0.00316961	0.01281692	0.00220073	0.00120698	0.00038914
A[T>A]G	0.00122141	0.00000002	0.00000009	0.01195183	0.00471232	0.00149222	0.00171730	0.00052077
A[T>A]T	0.00911489	0.00486094	0.01274760	0.00464872	0.03156701	0.00680657	0.00166137	0.00010581
A[T>C]A	0.00108929	0.00753266	0.00874776	0.01731950	0.06369557	0.00421821	0.00425575	0.00130374
A[T>C]C	0.00040712	0.00413260	0.00539932	0.00124125	0.02226663	0.00401754	0.00169720	0.00022046
A[T>C]G	0.00058118	0.00175341	0.01240926	0.00888904	0.05368519	0.00215303	0.00183592	0.00026052
A[T>C]T	0.00268329	0.00635691	0.00079494	0.00771122	0.03416468	0.00732770	0.00548342	0.00126124
A[T>G]A	0.00113098	0.00353823	0.00000000	0.00269118	0.00389743	0.00414201	0.00117497	0.00054393
A[T>G]C	0.00067317	0.00340695	0.00068316	0.00039254	0.00314983	0.00515345	0.00036097	0.00013245
A[T>G]G	0.00154917	0.00152705	0.00003879	0.00260605	0.00357604	0.00307039	0.00104372	0.00027083
A[T>G]T	0.00084895	0.02720681	0.00099120	0.00068411	0.00596580	0.05112750	0.00073725	0.00013911
C[C>A]A	0.00259673	0.00262120	0.01102801	0.06275622	0.00117875	0.00141928	0.00067811	0.00089569
C[C>A]C	0.00037651	0.00042232	0.01907876	0.04894193	0.00451344	0.00011453	0.00041856	0.00046106
C[C>A]G	0.00027590	0.00009256	0.00310745	0.01339366	0.00119695	0.00000006	0.00000433	0.00010178
C[C>A]T	0.00122280	0.01330635	0.07375057	0.04748857	0.00968284	0.00036193	0.00013519	0.00010773
C[C>G]A	0.00029619	0.00000010	0.00001615	0.01102110	0.00021106	0.00123904	0.00074647	0.00378589
C[C>G]C	0.00037583	0.00000000	0.00002142	0.00919957	0.00031761	0.00103743	0.00073360	0.00096927
C[C>G]G	0.00032915	0.00000000	0.00005266	0.00367982	0.00018930	0.00016398	0.00017770	0.00107996
C[C>G]T	0.00058371	0.00000000	0.00000526	0.01052346	0.00076461	0.00227435	0.00120396	0.00480803
C[C>T]A	0.06009022	0.00000101	0.00531020	0.01716476	0.00663265	0.00301300	0.02679080	0.00907986
C[C>T]C	0.07258861	0.00003241	0.00794816	0.00951011	0.00176261	0.00050628	0.10991622	0.00004695
C[C>T]G	0.00815547	0.00181720	0.06730038	0.00360237	0.00963678	0.00491050	0.00363244	0.00328214
C[C>T]T	0.06254449	0.00110676	0.00650419	0.01764515	0.00487506	0.00162625	0.09410189	0.00317254
C[T>A]A	0.00062659	0.00003814	0.00000000	0.01458956	0.00283483	0.00162359	0.00154247	0.00041609
C[T>A]C	0.00076992	0.00000000	0.00166657	0.00965592	0.00725303	0.01061656	0.00164150	0.00018707
C[T>A]G	0.00035249	0.00002709	0.00000876	0.02436807	0.00275285	0.00386252	0.00163063	0.00019070
C[T>A]T	0.00171514	0.00020792	0.00054983	0.01372265	0.00366669	0.03113768	0.00231136	0.00034105
C[T>C]A	0.00107248	0.00033621	0.00458163	0.00693399	0.03947189	0.00735171	0.00149983	0.00012052
C[T>C]C	0.00051944	0.00039753	0.00570761	0.00190304	0.02319732	0.03336032	0.00157392	0.00009366
C[T>C]G	0.00014766	0.00001483	0.01535548	0.00355516	0.04867914	0.02024629	0.00037432	0.00003414
C[T>C]T	0.00554155	0.00000000	0.00274323	0.00303635	0.03502222	0.09881014	0.00154832	0.00013657
C[T>G]A	0.00033287	0.00356119	0.00000964	0.00185683	0.00350097	0.00404866	0.00070302	0.00030820
C[T>G]C	0.00042664	0.00065212	0.00245953	0.00050226	0.00722835	0.02039510	0.00026836	0.00007763
C[T>G]G	0.00087954	0.00176906	0.00232038	0.00350223	0.00980937	0.01071398	0.00066801	0.00012130
C[T>G]T	0.00015788	0.01055032	0.00240540	0.00044375	0.00482497	0.28437312	0.00009605	0.00017946
G[C>A]A	0.00021015	0.00149343	0.00505993	0.03434147	0.00021304	0.00441890	0.00058327	0.00063791
G[C>A]C	0.00004750	0.00158339	0.00668143	0.02615471	0.00043764	0.00113826	0.00064888	0.00040508
G[C>A]G	0.00000243	0.00002827	0.00099424	0.00980875	0.00015999	0.00008005	0.00001633	0.00006906
G[C>A]T	0.00000520	0.00921043	0.02382282	0.02247591	0.00029951	0.00271287	0.00046586	0.00037702
G[C>G]A	0.00010972	0.00022814	0.00066310	0.00853607	0.00030463	0.00067903	0.00055326	0.00100871
G[C>G]C	0.00025375	0.00012085	0.00099810	0.00704858	0.00264561	0.00109231	0.00077893	0.00066995
G[C>G]G	0.00011748	0.00000000	0.00008976	0.00313651	0.00010406	0.00004431	0.00011453	0.00011526
G[C>G]T	0.00032855	0.00017715	0.00057330	0.00649681	0.00211546	0.00146555	0.00130124	0.00237049
G[C>T]A	0.00001514	0.00220611	0.06126556	0.00792319	0.00775629	0.00152079	0.02544008	0.00552401
G[C>T]C	0.00953739	0.01343870	0.07254477	0.00240121	0.00719618	0.00000199	0.09881528	0.00101539
G[C>T]G	0.00003464	0.01775886	0.13689338	0.00070655	0.01338637	0.00490795	0.00475186	0.00183240
G[C>T]T	0.01138938	0.01857762	0.04716273	0.00447188	0.00798530	0.00070133	0.07448623	0.00196785
G[T>A]A	0.00057425	0.00005217	0.00000000	0.00942913	0.00444912	0.00064145	0.00109379	0.00016965
G[T>A]C	0.00027509	0.00003920	0.00188178	0.00307655	0.00635555	0.00273217	0.00076496	0.00011444
G[T>A]G	0.00047191	0.00000000	0.00010838	0.01162635	0.00503355	0.00121628	0.00091473	0.00019376
G[T>A]T	0.00114982	0.00029487	0.00115735	0.00645005	0.00541183	0.00682307	0.00135088	0.00037108
G[T>C]A	0.00003783	0.01241204	0.01725579	0.00281425	0.06095429	0.00156953	0.00205851	0.00017613
G[T>C]C	0.00014863	0.01168266	0.01242147	0.00047905	0.01990224	0.00716604	0.00150071	0.00018104
G[T>C]G	0.00010324	0.00338806	0.01426103	0.00194264	0.04584845	0.00443845	0.00086839	0.00008462
G[T>C]T	0.01105485	0.01658170	0.00563629	0.00089476	0.04642282	0.00939673	0.00227008	0.00000957
G[T>G]A	0.00030120	0.00112037	0.00000245	0.00132638	0.00188231	0.00149825	0.00045413	0.00025907
G[T>G]C	0.00026610	0.00170639	0.00140387	0.00045569	0.00184598	0.00537040	0.00022714	0.00008101
G[T>G]G	0.00211427	0.00075183	0.00091346	0.00292695	0.00390349	0.00382167	0.00060902	0.00051728
G[T>G]T	0.00186649	0.00321823	0.00462284	0.00022153	0.00640516	0.07308012	0.00029267	0.00006168
T[C>A]A	0.00118151	0.04723866	0.00197957	0.04073383	0.00091170	0.00237744	0.00125534	0.02895171
T[C>A]C	0.00171707	0.00687860	0.00487452	0.03966127	0.00003476	0.00157563	0.00155628	0.01019878
T[C>A]G	0.00009059	0.00114409	0.00049970	0.00716475	0.00009467	0.00024415	0.00008924	0.00172028
T[C>A]T	0.00043646	0.35751485	0.01592025	0.04344181	0.00000000	0.00012760	0.00097449	0.01198381
T[C>G]A	0.00003028	0.00000000	0.00000000	0.00818191	0.00000687	0.00002278	0.00026383	0.16262977
T[C>G]C	0.00072339	0.00000012	0.00000668	0.01014096	0.00060981	0.00123122	0.00111203	0.03550926
T[C>G]G	0.00017118	0.00000000	0.00000133	0.00217888	0.00009019	0.00013505	0.00014738	0.00686055
T[C>G]T	0.00088598	0.00001908	0.00016871	0.01109696	0.00324328	0.00258822	0.00117105	0.19595993
T[C>T]A	0.17211512	0.00308954	0.00592660	0.00256601	0.00302421	0.00145964	0.02258034	0.26927669
T[C>T]C	0.30143080	0.01176534	0.00188516	0.00286284	0.00051275	0.00046735	0.11455235	0.04227997
T[C>T]G	0.06342993	0.08235541	0.03498307	0.00000000	0.00284533	0.00124386	0.00029758	0.02519910
T[C>T]T	0.10740193	0.04186481	0.00462441	0.00657615	0.00185106	0.00315532	0.10467318	0.13139077
T[T>A]A	0.00255200	0.00138654	0.00213471	0.01131401	0.01704609	0.00505600	0.00223678	0.00046967
T[T>A]C	0.00164412	0.00051457	0.00030447	0.00505665	0.00499312	0.00366036	0.00180145	0.00012078
T[T>A]G	0.00083582	0.00051999	0.00000000	0.00953649	0.00309529	0.00169365	0.00128279	0.00029051
T[T>A]T	0.01134735	0.00479735	0.00142541	0.00904179	0.01379270	0.01342612	0.00257716	0.00018066
T[T>C]A	0.00606221	0.00728765	0.00628310	0.00520397	0.04625697	0.00793047	0.00246044	0.00021328
T[T>C]C	0.00201836	0.00692665	0.00925121	0.00052117	0.02782433	0.01020334	0.00160605	0.00013617
T[T>C]G	0.00197439	0.00351324	0.00775381	0.00299663	0.03017704	0.00516605	0.00078382	0.00004447
T[T>C]T	0.00463785	0.01023390	0.00711533	0.00129307	0.05022626	0.01582690	0.00240348	0.00017134
T[T>G]A	0.00135662	0.01523748	0.00000000	0.00305582	0.00274301	0.00673676	0.00129496	0.00105468
T[T>G]C	0.00110599	0.00798954	0.00000789	0.00106990	0.00284424	0.00871630	0.00081171	0.00014008
T[T>G]G	0.00114720	0.00268510	0.00025784	0.00381144	0.00522213	0.00573068	0.00103508	0.00027336
T[T>G]T	0.00250243	0.14128058	0.00000000	0.00166410	0.01075904	0.09974245	0.00162122	0.00036670
