MutationType	SBS96A	SBS96B	SBS96C	SBS96D	SBS96E	SBS96F	SBS96G	SBS96H	SBS96I
A[C>A]A	0.0005335150059545413	0.0012951034633442758	0.0007131926181318704	0.05403650715947151	0.0025517860311083497	0.013933904827572405	0.0037457058718428017	0.00041689180856337773	0.0011084170115645976
A[C>A]C	0.00017527852221974172	0.0028845486603677273	0.0025155513733625414	0.02894006412476301	0.001595466446597129	0.01083618434611708	0.0018767734407447278	0.000683797566452995	0.0006055889709386975
A[C>A]G	3.705580789755913e-05	0.00013999058544868602	3.896337721016607e-05	0.012603336125612258	0.00020970453013433144	0.0010540349729126319	0.00012472856964450328	4.4064875210096945e-05	0.00011922263212909456
A[C>A]T	0.0002706869665416889	0.011842611413449049	0.008822782188653946	0.035175244212150576	5.059347127826186e-05	0.01006813820451498	0.0019163195858709515	0.0010076759301591665	0.0004995780708850361
A[C>G]A	0.00015893700190645178	0.0002939679630799219	0.0017459673224948346	0.013999076690524817	0.001993744450155646	0.01273386896122247	0.0008917741640470922	0.00026798668026458474	0.002396749281324446
A[C>G]C	0.0001555098354583606	0.00012795978749636562	0.0005661498283734545	0.005313363783061504	0.0010576256946660577	0.008002048273338004	0.0008375774091109634	0.00022485289853648282	0.0008675308641977608
A[C>G]G	0.00014761954342247917	6.173563633637969e-08	3.305552954770974e-05	0.0027485033636912705	4.9001300476447794e-05	0.002704782510336372	0.00014197730750311165	5.255008641597669e-05	0.0001759957337344531
A[C>G]T	0.00025036286810063756	7.49177754187258e-05	0.0011186151206493378	0.00785352110862732	0.002708309977315366	0.016197448193561285	0.00189489487092942	0.000372588271566201	0.002371864141896367
A[C>T]A	0.00017429971139790724	0.000533833882655017	0.0580791661888361	0.014529944937676191	0.011131459474563598	0.018438724745064975	0.002465359219349921	0.027875906177796422	0.005425158822908997
A[C>T]C	0.017955248020589353	0.002601316627115011	0.015148930177092552	0.0038392374385148287	0.0004376873433398032	0.003973807189613581	0.00098407196928747	0.11095382556319237	0.0007405957410810515
A[C>T]G	0.0003708826965885237	0.006433663750067353	0.10503425247967244	0.0034453616617247463	0.008080869726836682	0.00886878075543791	0.006249888055026531	0.006786556290462613	0.002577983669470996
A[C>T]T	0.0072781276050955055	0.005194235546514392	0.017148020211607218	0.005778147606179118	0.00013685137615539135	0.015103055145591498	0.001626720626372844	0.08688765779137611	0.0017471615970134735
A[T>A]A	0.002677386500872672	0.0008009047317318618	0.00010360865249822382	0.008111718604341149	0.01116225440055132	0.02729116640985012	4.945195250911638e-05	0.0008974972215946763	0.000355203905783128
A[T>A]C	0.0007061762746889144	0.00018671437879675068	0.0025219459948129953	0.0025194766791537403	0.01128568809479475	0.010197490979917347	0.001505957031622529	0.0003727326181251556	0.00033447719149990005
A[T>A]G	0.000818293847842142	1.2174450557722595e-06	2.320940820936812e-05	0.01016109311953187	0.0027594738616608084	0.016095704034669325	0.0005045658134622499	0.0003547884717409033	0.0003577302486519329
A[T>A]T	0.008585949596017599	0.004848643476143479	0.013489076206460594	0.003225815105251968	0.02860621552914381	0.022713363468647003	0.005295578856021166	0.0007439692394109443	3.4355168746174056e-05
A[T>C]A	0.0005757954533328302	0.0074558348394930364	0.006970555135048926	0.017314609326422214	0.06488419890403747	0.031779585145413874	0.0020510440808720887	0.0015712016611360013	0.0014370255637913942
A[T>C]C	0.0002294671765412204	0.004125969121232629	0.005165107869543135	0.0008459162196959368	0.022040079794824124	0.010724460920318962	0.0033854038221761583	0.0008344694197876379	0.00022445995506132022
A[T>C]G	0.00037787389679579066	0.001705337439198047	0.009165345588698984	0.010144229549914598	0.059884336814284324	0.015925075095146894	0.0009131490858271718	0.0006691561383195221	0.0004112889291718602
A[T>C]T	0.0019075557892210783	0.006396502600982785	0.001220757751725614	0.004284709258936346	0.02823771134018898	0.03537109126802534	0.004923884226009249	0.0019250894896686078	0.0007794019859284163
A[T>G]A	0.0008074212004430592	0.003561430787667632	0.0	0.0009045362251345068	0.0021065555908717213	0.011824006997048855	0.003236516220495105	0.00024046406091656535	0.0002060856984462589
A[T>G]C	0.0006145347573328763	0.0034005667781457304	0.0007566939335083588	0.00016500794641615356	0.002778412355110049	0.0027467316421098077	0.005242379605770111	0.0001342864838807145	0.00010006108197558206
A[T>G]G	0.0013129645120352506	0.0015388585277833044	0.00021261784357193392	0.0013549662602599711	0.0022191334678791463	0.008860486093908548	0.002439940618351102	0.0002084682398708537	8.424639556324109e-05
A[T>G]T	0.0007613461592700332	0.027215276025235654	0.0011241386691108347	0.0003542986928368919	0.00503742297179997	0.005212201261892915	0.0543183071911335	0.00037098325905390086	0.0001247985745430924
C[C>A]A	0.0026857998711057006	0.0025830762926489113	0.008853996507823467	0.07153350464999676	0.005314395417226479	0.004479357246309519	0.0018214573385193944	0.0007283151691081002	0.001192036661086604
C[C>A]C	0.0004762717633275315	0.00032738799694925546	0.016466339025646447	0.05631984248757362	0.010376396225765347	0.002529030014993623	0.00019618097299826332	0.0005409202363807708	0.0006936334638157859
C[C>A]G	0.0003259451470512431	7.430955047311727e-05	0.002376848019193858	0.015608775280416012	0.002716965291183442	7.284612715011463e-05	8.313089711009525e-07	4.6776356186889933e-05	0.00014741964019776788
C[C>A]T	0.001442933853249997	0.01310680665075779	0.07239569887518883	0.055333954393863675	0.02136069109372329	0.0007331473380327224	0.00021289205098582898	0.0005087023499800125	0.00045765011469484307
C[C>G]A	0.00012137241318669112	3.1619685393025067e-06	4.052681379107526e-07	0.010594153124839068	7.565135601907968e-06	0.007577957194298506	0.0007950845966115594	0.00011413684245781041	0.0034458869230002166
C[C>G]C	0.0001890553992416244	2.944294968187933e-07	1.6990470330711106e-05	0.00857075173407793	1.307218786678277e-05	0.007414896469563246	0.0005837280250852927	0.00013547939517593476	0.0007054973457707092
C[C>G]G	0.0002606408912106417	0.0	4.680247464420972e-05	0.003604529430158436	4.9069554916059135e-05	0.002583241046377225	2.740240763159818e-05	1.3452365592456773e-05	0.0008775285072624684
C[C>G]T	0.00024994203879032286	2.986339111430425e-06	6.631067308262573e-06	0.008991992101073265	7.272628296050244e-05	0.012529754862189293	0.0014267587754875422	0.00021001743545639328	0.003767449241131544
C[C>T]A	0.060245847925543786	0.0	0.00607944686897099	0.014635171853005885	0.003463174665812403	0.025003632996231318	0.001668051208835095	0.02576675996184349	0.007848178567364812
C[C>T]C	0.07423009678721428	9.108272934099659e-07	0.007221579710021615	0.008914115941151976	0.0015045693586580456	0.009145161751657725	0.0004393850883934647	0.11976383492350579	0.0
C[C>T]G	0.008052858309820294	0.0018018163205124438	0.07071990583091975	0.0035256509855389594	0.008995067849755288	0.010101438462734223	0.004211086598224938	0.003767265398055315	0.0029664052929729225
C[C>T]T	0.0634445184469223	0.001136675258167088	0.006961926613003016	0.014962921757251025	0.001841342942789197	0.026775756422430276	0.0004348514699449879	0.09454879343509674	0.002423873501829803
C[T>A]A	0.0002602088649291545	6.220121849764837e-05	0.0	0.013021933231502771	0.0013925358629785479	0.015211927965283393	0.0007101077737752348	0.0002509715217456687	0.0003087532639619894
C[T>A]C	0.00036900837847497314	0.0	0.0023121746233664454	0.00796831930987537	0.004335978021845222	0.01642829712945968	0.010014602728188039	0.0003413074099808	0.00013917347350798082
C[T>A]G	8.813310843834187e-05	3.520722300891066e-05	1.1382310913177208e-06	0.02453060753643513	0.0017681077646557243	0.014006054010242224	0.0032830021157860757	0.0003402891896257643	0.00018142646091291682
C[T>A]T	0.0010812137068459931	0.0002221618275507353	0.0009335466905031353	0.01043497733771801	0.0007414919184520841	0.02323907432699343	0.031254927702248095	0.0005925903687602841	0.00018114037011400795
C[T>C]A	0.000896836796309799	0.00032548790506552904	0.0028564804559573533	0.007698417194187641	0.042260118201375006	0.013279791679233313	0.006861768551170826	0.0004256679187528789	0.00018202780367573723
C[T>C]C	0.00032334026851458473	0.00037475156888831405	0.005361219360493124	0.001490023477235809	0.022930319719016552	0.011934861857444048	0.03475609175860882	0.0006881485506892204	0.00010495227601495572
C[T>C]G	0.0002184615208534524	3.7614353241224306e-05	0.009780683565186337	0.005883915796875954	0.06101090267300606	0.003000694585498446	0.021673636250197886	0.00027183562042409936	0.00015876939512963874
C[T>C]T	0.005305056921206415	0.0	0.001858128176536411	0.00276605028193444	0.035095421224832536	0.01613617692142725	0.10475035309791565	0.0006761522948363564	0.00014249351203034168
C[T>G]A	0.00013368833140702918	0.003531991890631616	0.0002739698952063918	0.0006947468167345505	0.0018657720414921642	0.008276481975917705	0.0034330627508461476	3.590729377130231e-05	0.00010338856569433119
C[T>G]C	0.0003569621709175408	0.0006430118926800787	0.002272939479444176	0.00037922182789770884	0.007253344422206282	0.00378015527036041	0.021539125330746173	8.126770977924024e-05	8.041635272093117e-05
C[T>G]G	0.0006565786473220214	0.0017747731343843044	0.0024269501538947223	0.002789612445048988	0.008838329631835222	0.009241268187761307	0.010559872221201659	8.85597121941828e-05	8.076094855596238e-05
C[T>G]T	0.00023728831147409253	0.010447391979396344	0.0015641652350313962	0.0012060459991727294	0.005561675120018213	0.0003810969428002867	0.3065799939632416	0.0003115260430887735	0.0002454829087946564
G[C>A]A	0.00015109594041859964	0.0014958320651203394	0.004236028464511037	0.038320919573307036	0.0013862239476293324	0.00562688922509551	0.004737174697220325	0.0002572521484398749	0.000765811352757737
G[C>A]C	4.520820382083457e-06	0.0015727397729642688	0.006202436173334718	0.029239034056663515	0.0017706778517458588	0.004008836066350341	0.0011903699929825963	0.0004220726649509743	0.0005291946249781176
G[C>A]G	8.595188942308596e-06	2.4214575951191364e-05	0.0006635188983636908	0.011386445630341769	0.0008039930613085743	0.00023026158029097133	0.00015005886743892915	2.5103012615090847e-06	8.81101635604864e-05
G[C>A]T	0.0	0.009184843748807908	0.025520484969019888	0.02518715336918831	0.000823021357646212	0.003599045961163938	0.0028151833824813367	0.0002917558921035379	0.0005205495614791288
G[C>G]A	1.6654864157317207e-05	0.00023486871214117855	0.0006888741557486356	0.008443767353892326	2.6387326906842647e-05	0.005059428730746731	0.0003997219810844399	0.00010012727805587929	0.0009317572950385511
G[C>G]C	0.00010430041038489435	0.00012397242142469622	0.0011141312168911099	0.006630579559132457	0.0019526693318039179	0.006803283623885364	0.0006820151687134058	0.00018086425799992867	0.0005672127852449193
G[C>G]G	9.208399278577417e-05	0.0	6.678673871647333e-05	0.0032941306848078967	6.625673991493386e-05	0.0012198864374659024	4.545171459540143e-06	2.3314040199693408e-05	0.00011591946342377924
G[C>G]T	8.933371529565193e-05	0.00018807705084327608	0.0008342006371822208	0.00516747273504734	0.0008448613615473732	0.01039673077641055	0.0007246525026857853	0.0002520219029975124	0.0016201666626147926
G[C>T]A	5.557528347708285e-06	0.002165374860633165	0.06513827323913574	0.00787325038574636	0.006958647891879082	0.010364673268049955	0.0009572176734218374	0.027148352087679087	0.005477312253788114
G[C>T]C	0.010626281015574932	0.013359996825456619	0.07261838048696517	0.003201606090879068	0.012821452505886555	0.001057585815724451	2.698378229979426e-06	0.11213637862820178	0.0013215336902067066
G[C>T]G	0.00011984372184087989	0.017565344385802747	0.14377547517418862	0.002127580347005278	0.01628980567213148	0.004757814137265086	0.0044132281187921766	0.0053725978638976815	0.0020568908331915735
G[C>T]T	0.01208711914718151	0.018546553514897823	0.049048230499029156	0.004011729275807738	0.00830217108130455	0.010617399625480174	0.00020317083231930156	0.0780858750641346	0.0019398908782750368
G[T>A]A	0.00036708570667542517	5.1665691207745114e-05	1.3273541117087007e-06	0.008867179695516824	0.003519000350497663	0.009411593712866307	9.787208603484032e-05	0.0001662072428734973	0.00012584096846694594
G[T>A]C	0.00018032589054200798	3.4078561930073194e-05	0.0019025138951838016	0.002905288566835225	0.006099117249250412	0.004991756651434116	0.0025162974605336787	0.0003354146098718047	0.00010471199500898365
G[T>A]G	0.0002986453034100123	0.0	8.314169135701377e-05	0.011643985863775014	0.004341279598884284	0.008573679813416675	0.0007551947329193354	0.0001534334634197876	0.00018024169592536054
G[T>A]T	0.0008120234665693715	0.0002973425568779931	0.0014662565989419817	0.004936696467921138	0.0037090333737432955	0.012606777271721513	0.0061963493190705776	0.0003763115403125994	0.00021951090500806457
G[T>C]A	2.047052839770913e-06	0.012304666619747877	0.013438871530815959	0.004544523749500513	0.07223614752292633	0.008401111150160432	0.0006891821380997954	0.0017432895991078112	0.0004065965631161816
G[T>C]C	7.098183525158674e-05	0.011691181845963001	0.012226389348506927	0.00049677286966471	0.021598075069487094	0.0064849807973951104	0.007070341985672713	0.0011094395851250739	0.00024196041136747225
G[T>C]G	8.413505340286065e-05	0.0032820058520883323	0.01077686166856438	0.003301241840235889	0.05539549425244331	0.005616058458108455	0.00416366845369339	0.0005637008330086246	0.00022440426604589448
G[T>C]T	0.01076653272844851	0.016565904654562473	0.005105573097243905	0.00025618617955175453	0.04651712611317635	0.019441755493171512	0.008416052330285312	0.0012447124967002309	0.0
G[T>G]A	0.0001796278019901365	0.00111760045401752	4.9930934783333216e-05	0.0006045105893281289	0.0011967362079303712	0.004807019755244255	0.0011362142767757178	2.5285979289444427e-05	0.00010989030481141526
G[T>G]C	0.0002188174647744745	0.0017002758826129138	0.0015954599995166062	0.00026051666092826055	0.0014777298783883452	0.0021198131993878633	0.005515400264412165	6.90050501634687e-05	6.095562004702515e-05
G[T>G]G	0.0019092396716587246	0.0007565407280344516	0.0012838265777099878	0.001879100224468857	0.002625150419771671	0.008119576594326645	0.0032949953014031054	7.168862093749969e-06	0.0002948651305632666
G[T>G]T	0.0018249593814834953	0.0031989967450499535	0.0046631212765350935	0.0001220997238491084	0.006142574921250343	0.0040837488556280735	0.07809245467185974	0.0001797841516236076	6.156312583698309e-05
T[C>A]A	0.0009770403301808982	0.047355131581425666	0.0015070494321116712	0.04354715101420879	0.0007863861054647714	0.01242739028763026	0.0019755987310782074	0.0003239606898569036	0.02986219521611929
T[C>A]C	0.0015881739207543432	0.006887180916965008	0.004704742301255465	0.043319980055093764	6.384352840541397e-05	0.00944636126048863	0.0013911358336918056	0.0009979244729038327	0.010840123426169157
T[C>A]G	8.286705386126414e-05	0.0011476360028609633	0.0003341737990558613	0.007965236315503716	0.0003196402796311304	0.0010826883034314961	0.00024820660473778844	1.2962786945536208e-05	0.0018872226611711086
T[C>A]T	0.0006248584450804629	0.3585532283782959	0.016558611020445823	0.0495320388674736	9.05427208635956e-06	0.0008379082837722679	0.00029049933135213307	0.0007913173246197402	0.013454731926321984
T[C>G]A	8.76115035963234e-05	0.0	2.553447557147592e-06	0.008470660606399179	1.6232985508433435e-05	0.0012716298002048126	0.0	0.0	0.16555542320013047
T[C>G]C	0.0004858905583387241	1.327664140262641e-06	4.879429730237917e-06	0.009290915466845035	0.00013054899942289923	0.009706745948642492	0.0007348714326508343	0.0003675770273548551	0.03448910392820835
T[C>G]G	0.00013830296054948121	5.3237312727105743e-08	1.8742543363714504e-06	0.0021139467204920946	1.3602788661160048e-05	0.001493033228907734	6.896909837450949e-05	1.9772162645494972e-05	0.006820332128554583
T[C>G]T	0.000710313628660515	2.0955736908945254e-05	0.00026953837179462427	0.010163862006738782	0.0023415928427129983	0.011399052469059825	0.002096635864581913	0.00023159207285061711	0.19593952536582948
T[C>T]A	0.17459707468748092	0.002980595319531858	0.005538063105195761	0.0010877292256375808	0.003389064664952457	0.0038934515248669056	0.0016819068253971635	0.026254602037370206	0.2717398804426193
T[C>T]C	0.30656855821609497	0.011589049361646175	0.0002343181474134326	0.0004138907829573677	0.0003781150316311982	0.006294976026413395	0.0009433553969523329	0.1275565753132105	0.042897058576345445
T[C>T]G	0.06426448717713357	0.08240790382027625	0.03591656044125557	0.0	0.0035623124102130534	0.00123547370275503	0.001212660858873278	0.0009157742280513048	0.025496026799082756
T[C>T]T	0.10943937197327613	0.041940723359584806	0.004441644679754973	0.004736785180866719	0.0003027204398736861	0.01275454726535827	0.0030768055282533167	0.11103296890854836	0.13181785434484483
T[T>A]A	0.001813809929881245	0.0013786449353210628	0.0036214727838523686	0.008256252631545067	0.011354223750531673	0.027828673953190445	0.0031034254468977453	0.00032155421632823114	0.00028571264556376263
T[T>A]C	0.0012380743809626438	0.0005364745581755415	0.0007074812648352236	0.0031641904218122365	0.0024837605678476394	0.014022569451481105	0.002764578014612198	0.0004983695704140701	2.8350435018182905e-05
T[T>A]G	0.0004993673044373281	0.0005431560263969004	0.0	0.00820350150577724	0.0017047161131631583	0.012329368684440851	0.0009547104255761952	0.0002735681872582063	0.0001910193110234104
T[T>A]T	0.010167754106223927	0.004831847622990608	0.002552925695199519	0.004421182903461158	0.007886958438903094	0.03304786187596619	0.011349151358008385	0.0015922089694504393	1.213598734466359e-05
T[T>C]A	0.005597515450790525	0.007248886628076434	0.005786284226342104	0.004219521344639361	0.04547060064971447	0.024317879565060138	0.006419287910684943	0.0007473495540034491	0.0001941539717518026
T[T>C]C	0.0017750323645304889	0.006934763388708234	0.009338822346180678	0.0001407969251704344	0.027227788418531417	0.013078741002827883	0.009752380419522524	0.0007382366491947323	0.00014385819842573254
T[T>C]G	0.0018901944381650537	0.0034668432362377644	0.006340602650307119	0.0035243322886526584	0.033142016418278214	0.008420217446982861	0.004832664616405964	0.00034390797845844644	9.643524307193729e-05
T[T>C]T	0.004165079339873046	0.010248733591288329	0.006242680328723509	0.0004712533727433766	0.04977392129600048	0.0230489169806242	0.014964556097984314	0.0011605946032796056	0.00017274310019274708
T[T>G]A	0.0008720286947209388	0.015113814752548933	0.0	0.0004752126150124365	0.0008755468021263369	0.015598018243908883	0.005405578566715121	0.00019526385355447928	0.00021853846199519468
T[T>G]C	0.0009045106929261238	0.00797490045428276	0.00020594705929397606	0.00020019971200781582	0.0015276065492071211	0.006668919445946813	0.008616171143949032	0.00029717119090491903	2.218191297743033e-05
T[T>G]G	0.0008125484862830489	0.0026945987343788146	0.000640489854849875	0.0022861634264700116	0.003319204533472657	0.011495873359963297	0.0049961579870432616	0.00022107391203462611	9.677824509708443e-05
T[T>G]T	0.002145398901484441	0.14152998596429825	4.353133549450112e-05	0.0001855141752439645	0.007243275437504053	0.015381763041950762	0.10504042237997055	0.0007126661553047598	0.0002543610057909973
