Samples	SBS96A	SBS96B	SBS96C	SBS96D	SBS96E	SBS96F
LUAD.US_SP50827	9.95E+01	1.43E+02	5.85E+01	8.30E+01	9.09E+01	9.69E+00
LUAD.US_SP50263	2.36E+01	3.85E+01	1.32E+01	3.86E+01	3.07E+01	4.45E+00
LUAD.US_SP50317	3.51E+01	6.91E+01	5.25E+01	7.42E+01	4.58E+01	4.92E+00
LUAD.US_SP54113	3.71E+02	4.72E+02	1.81E+02	2.05E+02	2.62E+02	2.83E+01
LUSC.US_SP56537	1.50E+02	1.95E+02	5.35E+01	9.34E+01	1.07E+02	1.22E+01
LUAD.US_SP50406	2.17E+00	3.01E+00	4.71E-01	4.14E+00	3.33E+00	5.72E-01
LUSC.US_SP57586	1.72E+02	2.16E+02	5.55E+01	7.96E+01	1.16E+02	1.26E+01
LUAD.US_SP51824	6.45E+01	8.95E+01	5.63E+01	6.46E+01	5.36E+01	6.40E+00
LUAD.US_SP55387	6.69E+01	8.92E+01	2.79E+01	3.09E+01	5.06E+01	5.91E+00
LUAD.US_SP52779	9.25E+01	1.25E+02	6.40E+01	9.42E+01	8.27E+01	7.55E+00
LUSC.US_SP56541	1.15E+02	1.39E+02	8.12E+01	1.09E+02	5.52E+01	1.01E+01
LUSC.US_SP56553	3.35E+02	4.17E+02	4.83E+02	6.10E+02	1.73E+02	3.58E+01
LUAD.US_SP55235	3.44E+02	4.61E+02	1.95E+02	2.28E+02	2.64E+02	3.48E+01
LUAD.US_SP50713	3.08E+01	3.54E+01	4.58E+01	6.22E+01	2.76E+01	3.29E+00
LUSC.US_SP56771	4.83E+01	7.16E+01	2.06E+01	2.43E+01	4.61E+01	4.43E+00
LUSC.US_SP57941	2.10E+02	2.76E+02	9.09E+01	1.16E+02	1.35E+02	1.68E+01
LUAD.US_SP50611	1.30E+02	1.73E+02	6.79E+01	6.99E+01	8.02E+01	1.23E+01
LUSC.US_SP57818	1.18E+02	1.58E+02	6.84E+01	8.11E+01	8.68E+01	1.09E+01
LUAD.US_SP50485	5.51E+00	1.23E+01	2.79E+00	1.27E+01	1.02E+01	1.88E+00
LUSC.US_SP56460	1.01E+02	1.44E+02	1.36E+02	2.01E+02	1.42E+02	9.06E+00
LUSC.US_SP56474	5.10E+01	6.81E+01	4.16E+01	5.88E+01	4.27E+01	7.63E+00
LUAD.US_SP51037	8.92E+00	1.25E+01	5.94E+00	2.85E+01	2.15E+01	3.38E+00
LUSC.US_SP56704	2.60E+02	3.33E+02	8.81E+01	1.07E+02	1.78E+02	1.57E+01
LUAD.US_SP55142	4.83E+02	5.97E+02	3.18E+02	3.83E+02	3.47E+02	3.78E+01
LUSC.US_SP56533	1.01E+02	1.34E+02	3.38E+01	4.57E+01	7.52E+01	8.53E+00
LUSC.US_SP56730	1.78E+02	2.29E+02	5.87E+01	8.58E+01	1.32E+02	1.22E+01
LUSC.US_SP59245	1.71E+02	2.11E+02	1.42E+02	1.85E+02	1.32E+02	1.86E+01
LUAD.US_SP53387	9.29E+01	1.44E+02	3.74E+02	5.74E+02	2.04E+02	1.05E+01
LUSC.US_SP57024	1.02E+02	1.31E+02	3.54E+01	4.94E+01	7.27E+01	6.92E+00
LUAD.US_SP54745	5.96E+01	6.81E+01	2.50E+02	4.11E+02	7.66E+01	1.40E+02
LUSC.US_SP57933	2.19E+02	2.66E+02	1.05E+02	1.53E+02	1.35E+02	1.47E+01
LUSC.US_SP56754	9.67E+01	1.27E+02	4.69E+01	7.18E+01	6.01E+01	7.85E+00
LUSC.US_SP56827	1.41E+02	1.77E+02	6.04E+01	1.05E+02	8.28E+01	1.32E+01
LUAD.US_SP52284	1.63E+01	3.19E+01	7.82E+00	2.05E+01	2.07E+01	3.09E+00
LUAD.US_SP53618	1.54E+02	2.02E+02	7.61E+01	8.37E+01	1.05E+02	1.36E+01
LUAD.US_SP52232	6.43E+01	8.95E+01	3.10E+01	4.41E+01	3.86E+01	7.01E+00
LUAD.US_SP50412	1.37E+00	9.97E+00	1.97E+00	1.07E+01	8.69E+00	2.12E+00
LUSC.US_SP57084	1.82E+02	2.37E+02	8.98E+01	9.81E+01	1.55E+02	1.19E+01
LUAD.US_SP50321	3.10E+01	4.56E+01	1.46E+01	1.73E+01	2.59E+01	3.98E+00
LUAD.US_SP53548	2.73E+00	1.65E+01	3.00E+00	2.29E+01	5.25E+01	4.84E+01
LUSC.US_SP57538	2.07E+02	2.50E+02	8.10E+01	1.88E+02	1.24E+02	1.50E+01
LUSC.US_SP57735	1.76E+02	2.18E+02	6.60E+01	1.25E+02	1.04E+02	1.24E+01
LUSC.US_SP57669	1.97E+02	2.62E+02	7.74E+01	2.24E+02	1.27E+02	1.64E+01
LUSC.US_SP56566	4.31E+01	5.82E+01	1.51E+02	2.25E+02	7.61E+01	5.44E+00
LUSC.US_SP56569	1.47E+02	1.80E+02	5.61E+01	1.17E+02	9.17E+01	1.22E+01
LUSC.US_SP58342	4.04E+02	9.83E+02	1.68E+02	9.55E+02	4.47E+02	3.46E+01
LUSC.US_SP58349	2.63E+02	3.25E+02	8.46E+01	1.54E+02	1.64E+02	1.81E+01
LUSC.US_SP56644	2.00E+02	2.64E+02	8.23E+01	9.23E+01	1.62E+02	1.39E+01
LUSC.US_SP57629	1.32E+02	1.96E+02	5.73E+01	7.82E+01	1.46E+02	9.27E+00
LUSC.US_SP56941	1.70E+00	9.81E+00	2.21E+01	3.07E+01	1.28E+01	1.67E+00
LUSC.US_SP57619	1.79E+02	2.41E+02	6.88E+01	1.45E+02	1.17E+02	1.23E+01
LUSC.US_SP58245	2.84E+02	3.61E+02	9.71E+01	2.20E+02	1.91E+02	2.08E+01
LUSC.US_SP57251	2.42E+02	3.02E+02	1.22E+02	1.31E+02	1.88E+02	1.64E+01
LUAD.US_SP55004	2.04E+00	3.69E+00	6.24E-01	4.70E+00	3.64E+00	6.72E-01
LUAD.US_SP56079	1.19E+02	1.60E+02	5.85E+01	6.57E+01	7.39E+01	1.23E+01
LUSC.US_SP56502	1.66E+02	2.11E+02	8.52E+01	9.46E+01	1.36E+02	1.16E+01
LUSC.US_SP58668	2.98E+02	3.68E+02	1.07E+02	1.88E+02	1.93E+02	2.03E+01
LUSC.US_SP58101	2.11E+02	2.68E+02	7.30E+01	1.93E+02	1.35E+02	1.51E+01
LUSC.US_SP58991	1.27E+02	1.73E+02	5.75E+01	6.19E+01	1.20E+02	9.00E+00
LUSC.US_SP56607	8.60E+01	1.20E+02	3.68E+01	5.51E+01	6.74E+01	6.68E+00
LUAD.US_SP56168	5.75E+01	9.60E+01	3.32E+02	5.25E+02	1.53E+02	1.26E+01
LUSC.US_SP58326	2.94E+02	3.77E+02	1.02E+02	1.90E+02	1.97E+02	2.00E+01
LUAD.US_SP54363	9.51E+01	1.35E+02	1.40E+02	2.22E+02	1.18E+02	9.64E+00
LUAD.US_SP53810	4.56E+02	5.88E+02	2.49E+02	2.72E+02	2.45E+02	4.41E+01
LUAD.US_SP50518	1.57E+01	3.13E+01	8.06E+00	2.11E+01	1.98E+01	3.78E+00
LUAD.US_SP56303	4.20E+01	8.16E+01	1.52E+01	2.93E+01	4.85E+01	6.12E+00
LUSC.US_SP57267	2.16E+02	2.83E+02	7.91E+01	1.19E+02	1.62E+02	1.58E+01
LUAD.US_SP55711	2.49E+01	4.81E+01	2.57E+01	5.65E+01	3.78E+01	4.16E+00
LUSC.US_SP57066	1.99E+02	2.60E+02	7.51E+01	1.02E+02	1.32E+02	1.36E+01
LUSC.US_SP57901	1.11E+02	1.55E+02	4.05E+01	6.95E+01	9.81E+01	1.02E+01
LUAD.US_SP55509	1.74E+02	2.28E+02	8.29E+01	9.16E+01	1.09E+02	1.43E+01
LUSC.US_SP57651	7.89E+01	9.62E+01	2.84E+01	6.06E+01	4.52E+01	7.62E+00
LUAD.US_SP55309	3.88E+00	8.22E+00	2.54E+00	1.10E+01	9.44E+00	1.11E+00
LUAD.US_SP52607	7.19E+00	1.07E+01	7.86E+00	1.86E+01	1.46E+01	2.27E+00
LUAD.US_SP52667	8.22E+01	1.13E+02	4.08E+01	4.11E+01	5.95E+01	9.23E+00
LUSC.US_SP57450	6.02E+01	8.31E+01	8.78E+01	1.34E+02	5.94E+01	7.52E+00
LUSC.US_SP57846	1.35E+02	1.61E+02	1.97E+02	2.36E+02	9.36E+01	1.15E+01
LUSC.US_SP58612	1.08E+02	2.88E+02	4.15E+01	2.59E+02	1.11E+02	1.30E+01
LUSC.US_SP56821	1.06E+02	2.20E+02	4.34E+01	1.65E+02	9.04E+01	1.10E+01
LUAD.US_SP51446	1.14E+01	2.59E+01	9.21E+00	2.48E+01	2.34E+01	2.31E+00
LUAD.US_SP50592	8.24E+00	2.29E+01	6.95E+00	2.19E+01	2.00E+01	2.91E+00
LUAD.US_SP53073	6.79E+01	9.37E+01	2.55E+01	5.10E+01	4.51E+01	2.75E+01
LUSC.US_SP58882	1.27E+02	1.57E+02	4.27E+01	8.59E+01	8.74E+01	1.09E+01
LUSC.US_SP57189	3.93E+02	4.94E+02	1.58E+02	2.69E+02	2.27E+02	2.72E+01
