Samples	SBS96A	SBS96B	SBS96C	SBS96D	SBS96E	SBS96F	SBS96G	SBS96H
Biliary-AdenoCA::SP99325	0	0	75555	0	113083	0	17891	0
Bladder-TCC::SP1059	0	0	0	20559	12208	0	0	26418
Bladder-TCC::SP96136	4704	722	1414	3287	8561	865	1972	30371
Breast-AdenoCA::SP117369	4665	0	0	0	0	0	0	50989
Breast-AdenoCA::SP2293	3301	0	0	0	0	0	0	61764
CNS-GBM::SP25494	20249	0	0	0	0	0	224794	0
ColoRect-AdenoCA::SP18310	0	0	91450	0	16777	0	0	0
ColoRect-AdenoCA::SP17172	3901	0	85736	0	27405	7320	0	0
ColoRect-AdenoCA::SP96133	1649	1585	43474	9332	17334	5250	2150	574
ColoRect-AdenoCA::SP110242	1343	1200	59535	17209	26106	3447	4942	193
ColoRect-AdenoCA::SP21017	1849	1949	56915	8449	12824	3698	2408	342
ColoRect-AdenoCA::SP22383	237	1517	47251	8241	26737	8283	4924	288
ColoRect-AdenoCA::SP81312	81973	598229	127285	0	0	0	0	0
ColoRect-AdenoCA::SP22031	0	234231	0	0	0	0	0	0
ColoRect-AdenoCA::SP19215	0	0	43406	0	43388	3391	4719	0
ColoRect-AdenoCA::SP16886	0	794011	0	0	0	55271	0	0
ColoRect-AdenoCA::SP19295	0	259867	0	0	0	0	0	0
ColoRect-AdenoCA::SP17905	0	1914475	0	0	276778	241364	0	0
ColoRect-AdenoCA::SP18121	0	0	47182	0	84238	0	29719	0
ColoRect-AdenoCA::SP21400	68161	584727	140152	0	0	0	0	0
ColoRect-AdenoCA::SP18946	0	878929	81884	0	0	0	0	0
ColoRect-AdenoCA::SP80615	0	2169723	0	0	0	256746	0	0
Eso-AdenoCA::SP111058	0	0	0	0	0	63983	0	0
Eso-AdenoCA::SP111066	0	0	0	0	0	70577	0	9082
Eso-AdenoCA::SP111113	0	0	0	0	0	79140	0	0
Eso-AdenoCA::SP110865	1174	510	2671	10160	7820	21633	2319	9464
Eso-AdenoCA::SP23502	1939	1493	1746	2138	6089	56221	1302	3543
Eso-AdenoCA::SP111001	3029	0	7844	0	0	44956	0	3633
Eso-AdenoCA::SP111173	0	4478	0	0	16738	84378	0	0
Eso-AdenoCA::SP111091	2060	328	732	3701	4933	37655	868	4301
Eso-AdenoCA::SP111175	0	0	0	17034	0	106939	0	0
Eso-AdenoCA::SP111114	0	0	7283	4980	0	38838	0	6508
Head-SCC::SP30113	0	0	0	63592	12768	0	4984	6279
Head-SCC::SP30332	827	300	856	34653	8633	472	3342	3424
Head-SCC::SP30675	284	186	512	44921	8469	455	3838	4520
Liver-HCC::SP98090	0	0	0	16468	38145	0	9073	0
Lung-AdenoCA::SP53460	1391	422	938	45711	1534	402	868	2268
Lung-AdenoCA::SP54113	0	0	0	78508	11693	1848	6220	12058
Lung-AdenoCA::SP55235	4136	19	2092	85830	8426	3057	3067	7176
Lung-AdenoCA::SP50611	1594	0	2033	48358	0	0	0	1419
Lung-AdenoCA::SP55142	1392	688	1417	101005	14890	2012	6690	28949
Lung-AdenoCA::SP53618	1673	110	1516	55488	873	107	382	1173
Lung-AdenoCA::SP53810	0	0	0	185584	0	0	0	0
Lung-AdenoCA::SP55509	1418	202	1452	57859	1715	85	307	3097
Lung-SCC::SP56553	0	0	0	53838	13160	0	0	66884
Lung-SCC::SP57941	1324	576	1565	63950	4130	359	946	2652
Lung-SCC::SP57818	0	0	1703	43549	0	0	0	4847
Lung-SCC::SP56704	0	0	0	37953	9090	0	4163	2542
Lung-SCC::SP59245	936	270	744	29891	6265	1420	2030	13564
Lung-SCC::SP57933	0	0	0	37608	7803	0	2343	9793
Lung-SCC::SP57669	378	322	654	35559	9215	504	1415	2675
Lung-SCC::SP58342	536	277	3725	42413	14314	121	1394	11444
Lung-SCC::SP57619	555	413	918	40955	6155	223	1723	2840
Lung-SCC::SP58245	166	244	233	37957	12315	432	3423	4407
Lung-SCC::SP57251	0	0	0	29164	10505	0	3745	8689
Lung-SCC::SP58668	0	0	0	42521	12378	0	4109	6962
Lung-SCC::SP58326	751	377	436	52991	10536	212	2925	3297
Lung-SCC::SP57267	548	375	532	34709	9230	307	2404	3286
Lung-SCC::SP57066	889	735	1168	41343	6967	226	1869	4716
Lung-SCC::SP57846	1170	230	974	25832	6114	196	1570	17878
Lung-SCC::SP57189	789	601	221	85590	13333	198	2645	10469
Lymph-BNHL::SP116668	182	2513	1100	2716	8542	47429	3366	1053
Lymph-BNHL::SP116697	2217	12491	10099	14095	24417	21243	13580	14387
Panc-AdenoCA::SP125732	0	0	53306	0	32410	10029	0	0
Panc-AdenoCA::SP125770	0	0	5570	12819	34860	2205	0	0
Skin-Melanoma::SP124389	70873	0	0	0	0	0	0	0
Skin-Melanoma::SP124362	214810	0	0	0	0	0	0	0
Skin-Melanoma::SP124394	105876	0	0	0	0	0	0	0
Skin-Melanoma::SP124334	80384	312	422	1825	2219	1019	993	590
Skin-Melanoma::SP124454	58815	0	0	0	0	0	0	0
Skin-Melanoma::SP124380	162971	0	0	0	0	0	0	0
Skin-Melanoma::SP124399	144375	0	0	0	0	0	0	0
Skin-Melanoma::SP124311	86488	0	0	0	11209	0	11682	0
Skin-Melanoma::SP124434	74775	0	0	0	0	0	6725	3761
Skin-Melanoma::SP124428	305689	0	0	0	0	0	0	0
Skin-Melanoma::SP124449	137987	0	0	0	0	0	0	0
Skin-Melanoma::SP124298	328495	0	0	0	0	0	38221	0
Skin-Melanoma::SP124431	77940	0	0	0	0	0	14712	0
Skin-Melanoma::SP124409	245674	0	0	0	0	0	0	0
Skin-Melanoma::SP124376	55168	0	0	0	0	0	0	0
Skin-Melanoma::SP124439	280663	0	0	0	0	0	24988	14032
Skin-Melanoma::SP124406	62343	0	0	5246	0	2691	3474	0
Skin-Melanoma::SP124382	441484	0	0	0	0	0	37477	0
Skin-Melanoma::SP124415	789682	0	0	0	0	0	0	69496
Skin-Melanoma::SP124436	318815	0	0	0	0	0	0	0
Skin-Melanoma::SP124460	163978	0	0	0	0	0	0	0
Skin-Melanoma::SP124425	91518	0	0	0	0	0	0	0
Skin-Melanoma::SP124367	144993	0	0	0	0	10974	0	0
Skin-Melanoma::SP124377	52552	0	0	0	0	0	8467	0
Skin-Melanoma::SP124412	69438	0	0	7850	0	0	0	0
Skin-Melanoma::SP124329	51726	0	0	0	0	0	0	0
Skin-Melanoma::SP124326	61290	0	0	0	0	0	0	0
Skin-Melanoma::SP124458	151773	0	0	0	0	0	9738	0
Skin-Melanoma::SP124401	387629	0	0	0	0	0	48336	0
Skin-Melanoma::SP124384	138813	705	17231	2859	7593	695	9264	622
Skin-Melanoma::SP124462	114171	0	0	0	0	0	0	0
Skin-Melanoma::SP124452	85693	0	0	0	0	0	6216	0
Skin-Melanoma::SP124386	115835	0	0	0	0	0	0	0
Skin-Melanoma::SP124418	107381	0	0	0	0	0	0	0
Skin-Melanoma::SP124319	205301	0	0	0	0	0	0	0
Skin-Melanoma::SP124447	409898	0	0	0	0	0	34193	0
Skin-Melanoma::SP124369	133157	0	0	0	0	0	7300	0
Skin-Melanoma::SP124365	66591	252	688	2287	3168	641	1047	862
Skin-Melanoma::SP124420	71144	0	0	0	0	0	0	0
Skin-Melanoma::SP124364	109414	0	0	0	0	0	0	0
Skin-Melanoma::SP124307	121510	0	0	0	0	0	0	0
Skin-Melanoma::SP82445	689216	0	0	0	0	0	0	55337
Skin-Melanoma::SP83242	56026	0	0	11624	0	0	5598	0
Skin-Melanoma::SP103894	149682	0	0	0	0	0	9667	0
Skin-Melanoma::SP83382	50276	563	743	145	461	133	4479	2082
Skin-Melanoma::SP82451	40684	0	0	6356	0	0	4493	0
Skin-Melanoma::SP83312	49306	277	546	1636	1285	544	3413	735
Skin-Melanoma::SP82614	52937	0	0	0	0	0	4507	0
Skin-Melanoma::SP82431	328811	0	0	0	0	0	44537	0
Skin-Melanoma::SP82459	78286	0	0	0	0	0	0	0
Skin-Melanoma::SP82532	153382	0	0	0	0	0	59507	0
Skin-Melanoma::SP83482	60445	439	61	2013	290	1463	3886	86
Skin-Melanoma::SP104530	55882	442	1779	6626	2624	554	2711	744
Skin-Melanoma::SP82644	240513	0	0	0	0	0	0	0
Skin-Melanoma::SP82988	84515	0	0	0	0	0	0	7908
Skin-Melanoma::SP82461	77443	0	0	0	0	0	7276	0
Skin-Melanoma::SP82900	260233	0	0	0	0	0	0	19581
Skin-Melanoma::SP82399	116295	0	0	0	0	0	0	0
Skin-Melanoma::SP82417	250745	0	0	0	0	0	0	0
Skin-Melanoma::SP104056	301180	0	0	0	32824	0	0	0
Skin-Melanoma::SP83083	62215	734	221	1125	2028	557	7183	1614
Skin-Melanoma::SP83019	98123	0	0	0	0	0	0	0
Skin-Melanoma::SP83146	328495	0	0	0	0	0	0	19391
Skin-Melanoma::SP103866	94887	0	0	0	0	0	0	0
Skin-Melanoma::SP83844	49574	501	846	249	1489	369	2552	1607
Stomach-AdenoCA::SP135287	0	0	47359	0	19215	0	0	0
Stomach-AdenoCA::SP85122	0	0	59366	0	21293	0	0	0
Stomach-AdenoCA::SP84384	4428	0	78067	0	35942	0	0	0
Stomach-AdenoCA::SP84491	903	1571	2714	2119	2828	51576	1418	1578
Stomach-AdenoCA::SP84743	1624	2216	2762	5042	4796	38014	1291	4261
Stomach-AdenoCA::SP84982	324	352	21833	5473	18402	15565	1935	159
Stomach-AdenoCA::SP84392	820	1212	43129	5585	42377	5623	5433	441
Stomach-AdenoCA::SP105018	0	0	3898	28280	10223	3048	3849	9506
Stomach-AdenoCA::SP84439	0	0	117741	34068	194977	0	42429	0
Stomach-AdenoCA::SP84922	738	1926	1637	848	2383	57304	709	2484
Uterus-AdenoCA::SP90209	0	0	474321	0	0	0	75608	0
Uterus-AdenoCA::SP93540	0	0	36555	0	23144	0	5998	0
Uterus-AdenoCA::SP93227	0	100329	523820	204895	0	0	99174	0
Uterus-AdenoCA::SP94933	814	1279	4624	3815	47625	1525	2322	438
Uterus-AdenoCA::SP92364	6	829	13303	1562	96599	837	2159	56
Uterus-AdenoCA::SP92659	0	282262	0	0	0	0	0	0
