MutationType	SBS96A	SBS96B	SBS96C	SBS96D	SBS96E	SBS96F	SBS96G	SBS96H	SBS96I
A[C>A]A	0.06239971	0.02810816	0.02013019	0.00640218	0.04846436	0.00556833	0.01593350	0.01179717	0.00681887
A[C>A]C	0.03684937	0.02478290	0.00962263	0.00383497	0.01827550	0.00511702	0.00681465	0.01323348	0.00325751
A[C>A]G	0.01324597	0.01231647	0.00378836	0.00067595	0.00316674	0.00118253	0.00563650	0.00181676	0.00040903
A[C>A]T	0.04322491	0.01957740	0.00915980	0.00397463	0.02804440	0.00367859	0.00600664	0.00655237	0.00368077
A[C>G]A	0.01746975	0.00180967	0.01765373	0.00674643	0.00573469	0.00152879	0.00956544	0.00437893	0.00184221
A[C>G]C	0.00593721	0.00160595	0.00767439	0.00282620	0.00544650	0.00203646	0.00550949	0.00378317	0.00159422
A[C>G]G	0.00286955	0.00075288	0.00502726	0.00126180	0.00096665	0.00003662	0.00072860	0.00101129	0.00013806
A[C>G]T	0.01027899	0.00072188	0.01332576	0.00553409	0.00802511	0.00349201	0.00733474	0.00729944	0.00155214
A[C>T]A	0.01494466	0.00564997	0.02292653	0.00462342	0.02285458	0.01398805	0.01399133	0.02186446	0.01007795
A[C>T]C	0.00466419	0.00636029	0.00938059	0.00171910	0.01126136	0.00610734	0.00700745	0.01446046	0.00451887
A[C>T]G	0.00383382	0.00092957	0.00072204	0.00558399	0.00697313	0.00528357	0.01117776	0.08858583	0.00535199
A[C>T]T	0.00854827	0.00287598	0.01566335	0.00376629	0.01535467	0.00661673	0.00615273	0.01729730	0.00402370
A[T>A]A	0.00226520	0.01674325	0.01654819	0.00096410	0.01339304	0.00545086	0.01619882	0.00759535	0.00160785
A[T>A]C	0.00192097	0.00567397	0.00349387	0.00114797	0.00712454	0.00292306	0.00078559	0.01373288	0.00308331
A[T>A]G	0.00583426	0.01890735	0.00836901	0.00140912	0.00862184	0.00429891	0.01075829	0.01009001	0.00117694
A[T>A]T	0.00202765	0.00789837	0.00947132	0.00180803	0.01724128	0.00563909	0.00791166	0.01768551	0.00733543
A[T>C]A	0.01271972	0.00691607	0.05834273	0.00292762	0.01758828	0.01033380	0.04526881	0.01858590	0.00737477
A[T>C]C	0.00118896	0.00130376	0.00895104	0.00184190	0.00600492	0.00165493	0.00409993	0.01015446	0.00555676
A[T>C]G	0.00841068	0.00445849	0.03107297	0.00208661	0.01096812	0.00745810	0.04903451	0.01148003	0.00435592
A[T>C]T	0.00435733	0.00202575	0.02876951	0.00277990	0.01761638	0.00663578	0.01773785	0.02687584	0.00775743
A[T>G]A	0.00123033	0.00121785	0.00660910	0.00005837	0.00275266	0.00284109	0.00435120	0.00467000	0.00281957
A[T>G]C	0.00013554	0.00012409	0.00150860	0.00030636	0.00223441	0.00090445	0.00078188	0.00314350	0.00688436
A[T>G]G	0.00023857	0.00317182	0.00450592	0.00117613	0.00439997	0.00084300	0.00308960	0.00423128	0.00326123
A[T>G]T	0.00010384	0.00016072	0.00213707	0.00099813	0.00642478	0.00074602	0.00168161	0.00382981	0.05366330
C[C>A]A	0.07480552	0.06904134	0.01898482	0.00549083	0.03437727	0.00787049	0.01952664	0.00015383	0.00518106
C[C>A]C	0.06245652	0.07555528	0.00698078	0.00583878	0.00574313	0.00481311	0.00289930	0.00459970	0.00228275
C[C>A]G	0.01320366	0.02168065	0.00120061	0.00050406	0.00450006	0.00117300	0.00636934	0.00007344	0.00018900
C[C>A]T	0.06079591	0.06564531	0.00357891	0.00637611	0.02512780	0.00321994	0.00253020	0.00192289	0.00436938
C[C>G]A	0.01096610	0.00718460	0.01310441	0.00713414	0.00177845	0.00180116	0.00634053	0.00227961	0.00036111
C[C>G]C	0.00687831	0.00812358	0.00902915	0.00347382	0.00283891	0.00137535	0.00688599	0.00376254	0.00065459
C[C>G]G	0.00300880	0.00326768	0.00471296	0.00130899	0.00130598	0.00017263	0.00219389	0.00090321	0.00019738
C[C>G]T	0.00949555	0.00539241	0.01259056	0.00778139	0.00574757	0.00189702	0.00561959	0.00678793	0.00142626
C[C>T]A	0.01902213	0.01210171	0.02403251	0.00390121	0.01145668	0.02457163	0.01414768	0.02150520	0.00964736
C[C>T]C	0.01076842	0.01464119	0.01725683	0.00178485	0.00702508	0.01236395	0.00979835	0.02063969	0.00573919
C[C>T]G	0.00409235	0.00325212	0.00300110	0.00464602	0.00084716	0.00653712	0.02003173	0.05703094	0.00397266
C[C>T]T	0.02073675	0.01644838	0.02565109	0.00425036	0.00782150	0.01634638	0.01112839	0.02073973	0.00454135
C[T>A]A	0.00493338	0.02365547	0.01288655	0.00218785	0.00498196	0.00262831	0.01585542	0.00174127	0.00089370
C[T>A]C	0.00335154	0.01845715	0.00612801	0.00279769	0.00596738	0.00143960	0.00730702	0.00566434	0.01061076
C[T>A]G	0.00949175	0.04947367	0.01046667	0.00252789	0.00275539	0.00273730	0.01860305	0.00361080	0.00501854
C[T>A]T	0.00281591	0.02139546	0.01408408	0.00484652	0.00677031	0.00046858	0.01378296	0.00511056	0.01993409
C[T>C]A	0.00510761	0.00666331	0.02637768	0.00162212	0.00361165	0.00323194	0.02341048	0.00559132	0.00970930
C[T>C]C	0.00278231	0.00199588	0.00703946	0.00251854	0.00437815	0.00127752	0.01242171	0.00810071	0.03467078
C[T>C]G	0.00630758	0.00622365	0.01853046	0.00115034	0.00253400	0.00383981	0.02513089	0.00471578	0.02287753
C[T>C]T	0.00306880	0.00341068	0.01806663	0.00254251	0.00426993	0.00264301	0.01246934	0.00491509	0.07593673
C[T>G]A	0.00042952	0.00145136	0.00450783	0.00045283	0.00251193	0.00121405	0.00432301	0.00162098	0.00379777
C[T>G]C	0.00052878	0.00070706	0.00243011	0.00084154	0.00202616	0.00114035	0.00283749	0.00254514	0.01648860
C[T>G]G	0.00222658	0.00477532	0.00589984	0.00237900	0.00332039	0.00035971	0.00548779	0.00326442	0.00984351
C[T>G]T	0.00206672	0.00056413	0.00043614	0.00040267	0.00002875	0.00162322	0.00078835	0.00080093	0.18521220
G[C>A]A	0.03936445	0.02343881	0.00585781	0.00354308	0.05842361	0.00470247	0.00798915	0.00704846	0.00489209
G[C>A]C	0.03655579	0.02886645	0.00805345	0.00119393	0.01328844	0.00541837	0.00507782	0.00619381	0.00211328
G[C>A]G	0.00979826	0.01318279	0.00340241	0.00019390	0.00492273	0.00164321	0.00432604	0.00100819	0.00065560
G[C>A]T	0.02831518	0.01495709	0.00413700	0.00325991	0.03342301	0.00335066	0.00185850	0.00621628	0.00377789
G[C>G]A	0.00973136	0.00298565	0.00982632	0.00230989	0.00227250	0.00140231	0.00327833	0.00123674	0.00020451
G[C>G]C	0.00734159	0.00447411	0.00699415	0.00170680	0.00186656	0.00332501	0.00497947	0.00252549	0.00023655
G[C>G]G	0.00277214	0.00292977	0.00275938	0.00082495	0.00003717	0.00009709	0.00220365	0.00047810	0.00026898
G[C>G]T	0.00755669	0.00182574	0.00750048	0.00431857	0.00191777	0.00194412	0.00182292	0.00449443	0.00045778
G[C>T]A	0.00691528	0.00261183	0.01806628	0.00217862	0.01892203	0.01380781	0.01045602	0.02300912	0.00768697
G[C>T]C	0.00571999	0.00388001	0.01116241	0.00157693	0.01327401	0.00879146	0.00698206	0.02453591	0.00619894
G[C>T]G	0.00250792	0.00083148	0.00208254	0.00313742	0.00705386	0.00703158	0.01149202	0.07045865	0.00337198
G[C>T]T	0.00813916	0.00235765	0.01237773	0.00195422	0.01320476	0.00886245	0.00758611	0.02099447	0.00428051
G[T>A]A	0.00325485	0.01480938	0.00975660	0.00188211	0.00363454	0.00154138	0.01263463	0.00093474	0.00079811
G[T>A]C	0.00144324	0.00565138	0.00294957	0.00109648	0.00390561	0.00149170	0.00183861	0.00490946	0.00319643
G[T>A]G	0.00447923	0.02048604	0.00936418	0.00116127	0.00333238	0.00224212	0.01286614	0.00314329	0.00184726
G[T>A]T	0.00139048	0.00963795	0.00824737	0.00216591	0.00559209	0.00148320	0.00739922	0.00541867	0.00472212
G[T>C]A	0.00535512	0.00171780	0.02627363	0.00086562	0.00867853	0.00591788	0.01869813	0.01081366	0.00446807
G[T>C]C	0.00097456	0.00145945	0.00570471	0.00114622	0.00343684	0.00312400	0.00223013	0.01100865	0.00573083
G[T>C]G	0.00305807	0.00245824	0.00772158	0.00217805	0.00355937	0.00268582	0.06806379	0.00586080	0.00517517
G[T>C]T	0.00202887	0.00126027	0.01697452	0.00144386	0.00861646	0.00464607	0.00968998	0.01732075	0.00846397
G[T>G]A	0.00039270	0.00095930	0.00301012	0.00079826	0.00159614	0.00044315	0.00148629	0.00197640	0.00102914
G[T>G]C	0.00042131	0.00017977	0.00112172	0.00041699	0.00149476	0.00035003	0.00033351	0.00189447	0.00411709
G[T>G]G	0.00046047	0.00469744	0.00341524	0.00172004	0.00320630	0.00084409	0.00707809	0.00405775	0.00299805
G[T>G]T	0.00068003	0.00024160	0.00132298	0.00121909	0.00278500	0.00064328	0.00029764	0.00298856	0.05069935
T[C>A]A	0.03900513	0.03497070	0.01095141	0.03613471	0.05848239	0.01183105	0.01356073	0.00490120	0.00729250
T[C>A]C	0.04931907	0.04164600	0.01141898	0.01935889	0.03267790	0.00436697	0.01194541	0.01113392	0.00384344
T[C>A]G	0.00622572	0.00803244	0.00199655	0.00250287	0.00828398	0.00120944	0.00482062	0.00121079	0.00090434
T[C>A]T	0.04336659	0.03687626	0.00450178	0.02318977	0.08244413	0.00553895	0.01177737	0.01449175	0.01037913
T[C>G]A	0.00559671	0.00339338	0.00775411	0.18564154	0.00506178	0.05164191	0.00815040	0.00011608	0.00325137
T[C>G]C	0.00787658	0.00579803	0.01239595	0.04026472	0.00551229	0.01238006	0.00950766	0.00647110	0.00072290
T[C>G]G	0.00142622	0.00202526	0.00262660	0.00819762	0.00053755	0.00287000	0.00133942	0.00016420	0.00012240
T[C>G]T	0.00625557	0.00610045	0.01561022	0.20891044	0.01312490	0.05295648	0.00595503	0.01356062	0.00385371
T[C>T]A	0.00676093	0.00256266	0.00262304	0.15581257	0.00956917	0.27711749	0.00576432	0.01525615	0.02206118
T[C>T]C	0.01032093	0.00633455	0.01341945	0.02862116	0.01062350	0.06784889	0.00862701	0.03396693	0.01179466
T[C>T]G	0.00025834	0.00235022	0.00028027	0.01926588	0.00096130	0.02875786	0.00476532	0.03871598	0.00437121
T[C>T]T	0.01112799	0.00982445	0.01110238	0.07094174	0.00693021	0.15911201	0.00150834	0.02671270	0.01282380
T[T>A]A	0.00049590	0.01735167	0.01757136	0.00131610	0.01546303	0.00447033	0.01836249	0.00723253	0.00318256
T[T>A]C	0.00085533	0.00781016	0.00602298	0.00147409	0.00865797	0.00147867	0.00603245	0.00480646	0.00456488
T[T>A]G	0.00373737	0.01535584	0.00876180	0.00055918	0.00493981	0.00279956	0.00910242	0.00226795	0.00193321
T[T>A]T	0.00078491	0.01017519	0.01530864	0.00344838	0.02087385	0.00203968	0.01433552	0.00638955	0.01302273
T[T>C]A	0.00598379	0.00061953	0.03028551	0.00079335	0.00946084	0.00482475	0.01958521	0.01084213	0.00825164
T[T>C]C	0.00154596	0.00029609	0.00866975	0.00203477	0.00684222	0.00115282	0.00342690	0.01109197	0.01477069
T[T>C]G	0.00219624	0.00129129	0.00252145	0.00150830	0.00413717	0.00111327	0.09410696	0.00358926	0.00681995
T[T>C]T	0.00164804	0.00075980	0.02120074	0.00171671	0.01275031	0.00366832	0.01170266	0.01469652	0.01756502
T[T>G]A	0.00065849	0.00069770	0.00888315	0.00083485	0.00463338	0.00248415	0.00573635	0.00396417	0.00458480
T[T>G]C	0.00017465	0.00029689	0.00332068	0.00070127	0.00323522	0.00122512	0.00163364	0.00426532	0.01237209
T[T>G]G	0.00120856	0.00397292	0.00713909	0.00197557	0.00391404	0.00156318	0.00425326	0.00442107	0.00606813
T[T>G]T	0.00047427	0.00035854	0.00572080	0.00129009	0.01177513	0.00264949	0.00588454	0.00896954	0.11635520
