Samples	SBS96A	SBS96B	SBS96C	SBS96D	SBS96E	SBS96F	SBS96G	SBS96H
Biliary-AdenoCA::SP99325	1.21E+02	9.81E+01	8.13E+02	1.83E+02	4.49E+02	5.11E+01	4.67E+02	2.65E+01
Bladder-TCC::SP1059	1.01E+01	1.20E+01	9.69E+00	2.96E+02	2.81E+02	1.57E+01	5.91E+02	2.66E+01
Bladder-TCC::SP96136	4.20E+01	1.04E+01	2.40E+01	1.03E+02	1.50E+02	1.12E+01	2.57E+02	4.37E+01
Breast-AdenoCA::SP117369	4.93E+01	4.58E+00	1.34E+01	1.53E+01	1.27E+01	1.35E+00	2.75E+01	4.81E+01
Breast-AdenoCA::SP2293	5.10E+01	1.14E+01	2.07E+01	1.42E+01	0.00E+00	1.02E+00	0.00E+00	4.65E+01
CNS-GBM::SP25494	5.50E+03	0.00E+00	3.37E+03	2.90E+01	9.13E+01	9.05E+00	8.75E+03	2.01E+01
ColoRect-AdenoCA::SP18310	1.37E+02	5.57E+01	5.62E+02	7.96E+01	6.27E+02	1.78E+01	1.11E+02	7.31E+00
ColoRect-AdenoCA::SP17172	1.51E+02	6.08E+01	6.22E+02	3.10E+01	5.38E+02	3.50E+01	1.75E+02	8.50E+00
ColoRect-AdenoCA::SP96133	3.76E+01	3.65E+01	3.30E+02	3.19E+01	3.21E+02	2.25E+01	1.02E+02	1.19E+01
ColoRect-AdenoCA::SP110242	4.16E+01	5.11E+01	5.28E+02	1.09E+02	6.03E+02	1.84E+01	2.64E+02	1.08E+01
ColoRect-AdenoCA::SP21017	4.86E+01	4.19E+01	4.03E+02	7.38E+01	4.46E+02	1.66E+01	1.62E+02	1.07E+01
ColoRect-AdenoCA::SP22383	2.86E+01	3.78E+01	4.15E+02	7.52E+01	4.53E+02	2.52E+01	1.80E+02	1.00E+01
ColoRect-AdenoCA::SP81312	2.37E+02	1.64E+02	3.94E+02	0.00E+00	4.81E+02	0.00E+00	0.00E+00	7.37E+00
ColoRect-AdenoCA::SP22031	2.23E+01	3.51E+01	4.28E+01	2.27E+01	3.24E+01	1.74E+01	3.10E+01	3.84E+00
ColoRect-AdenoCA::SP19215	3.46E+01	2.45E+01	5.06E+02	7.38E+01	5.18E+02	2.87E+01	1.61E+02	6.12E+00
ColoRect-AdenoCA::SP16886	9.75E+01	1.19E+02	5.81E+01	9.11E+01	9.29E+01	9.40E+01	6.21E+01	1.06E+01
ColoRect-AdenoCA::SP19295	2.72E+01	4.48E+01	7.43E+01	1.59E+01	3.68E+01	1.75E+01	1.14E+02	5.91E+00
ColoRect-AdenoCA::SP17905	7.46E+02	4.00E+02	6.69E+02	8.88E+02	1.14E+03	4.29E+02	1.48E+03	0.00E+00
ColoRect-AdenoCA::SP18121	3.57E+02	5.73E+01	2.78E+02	1.15E+02	3.26E+02	4.20E+01	3.70E+02	2.22E+01
ColoRect-AdenoCA::SP21400	1.76E+02	1.35E+02	7.12E+02	0.00E+00	7.99E+02	6.41E+01	3.94E+01	7.95E+00
ColoRect-AdenoCA::SP18946	7.79E+01	1.57E+02	4.96E+02	1.20E+02	5.47E+02	6.48E+01	2.33E+02	8.13E+00
ColoRect-AdenoCA::SP80615	4.34E+02	3.24E+02	3.03E+02	4.64E+02	4.55E+02	3.96E+02	6.85E+02	3.49E+01
Eso-AdenoCA::SP111058	1.94E+01	1.67E+01	3.13E+01	2.17E+01	2.71E+01	1.07E+02	1.11E+02	1.23E+01
Eso-AdenoCA::SP111066	2.43E+01	2.00E+01	3.68E+01	2.48E+01	3.51E+01	1.06E+02	9.51E+01	1.75E+01
Eso-AdenoCA::SP111113	3.33E+01	2.16E+01	4.42E+01	2.99E+01	3.73E+01	1.36E+02	1.34E+02	1.44E+01
Eso-AdenoCA::SP110865	1.82E+01	1.68E+01	2.20E+01	2.03E+02	2.06E+02	1.06E+02	5.06E+02	2.11E+01
Eso-AdenoCA::SP23502	2.19E+01	1.64E+01	3.24E+01	3.87E+01	4.78E+01	1.33E+02	2.11E+02	1.38E+01
Eso-AdenoCA::SP111001	2.46E+01	1.52E+01	4.15E+01	3.03E+01	1.41E+01	9.42E+01	1.41E+02	1.30E+01
Eso-AdenoCA::SP111173	3.99E+01	2.10E+01	4.53E+01	5.25E+01	8.65E+01	1.72E+02	2.91E+02	1.92E+01
Eso-AdenoCA::SP111091	1.84E+01	9.99E+00	2.21E+01	5.20E+01	7.50E+01	1.13E+02	2.31E+02	1.55E+01
Eso-AdenoCA::SP111175	2.62E+01	2.65E+01	6.85E+01	4.84E+01	5.13E+01	1.92E+02	2.85E+02	2.34E+01
Eso-AdenoCA::SP111114	2.27E+01	1.53E+01	3.76E+01	3.68E+01	2.78E+01	8.98E+01	1.83E+02	1.37E+01
Head-SCC::SP30113	3.10E+01	1.27E+01	3.36E+01	4.60E+02	3.17E+02	1.71E+01	7.21E+02	5.67E+01
Head-SCC::SP30332	2.56E+01	1.19E+01	2.24E+01	2.75E+02	2.02E+02	1.20E+01	4.38E+02	3.03E+01
Head-SCC::SP30675	3.06E+01	1.43E+01	2.44E+01	2.72E+02	2.00E+02	1.24E+01	4.14E+02	3.68E+01
Liver-HCC::SP98090	7.94E+01	3.12E+01	5.32E+01	5.25E+02	8.95E+02	2.55E+01	1.39E+03	2.64E+01
Lung-AdenoCA::SP53460	2.54E+01	1.33E+01	2.77E+01	2.12E+02	1.25E+02	1.07E+01	2.91E+02	4.21E+01
Lung-AdenoCA::SP54113	4.98E+01	8.72E+00	4.69E+01	3.93E+02	2.70E+02	2.39E+01	5.46E+02	6.56E+01
Lung-AdenoCA::SP55235	4.48E+01	1.97E+01	5.00E+01	4.20E+02	2.53E+02	2.38E+01	5.91E+02	7.17E+01
Lung-AdenoCA::SP50611	2.62E+01	1.08E+01	3.90E+01	1.48E+02	8.77E+01	1.02E+01	1.42E+02	5.38E+01
Lung-AdenoCA::SP55142	6.47E+01	2.68E+01	5.80E+01	5.57E+02	3.78E+02	2.59E+01	8.28E+02	7.86E+01
Lung-AdenoCA::SP53618	3.07E+01	1.58E+01	4.23E+01	1.62E+02	1.05E+02	1.15E+01	1.56E+02	5.49E+01
Lung-AdenoCA::SP53810	1.25E+02	5.16E+01	1.38E+02	5.34E+02	3.24E+02	3.53E+01	5.01E+02	1.62E+02
Lung-AdenoCA::SP55509	2.69E+01	1.76E+01	4.44E+01	1.73E+02	1.08E+02	1.23E+01	1.74E+02	5.19E+01
Lung-SCC::SP56553	0.00E+00	2.02E+01	3.27E+01	4.59E+02	3.42E+02	1.88E+01	7.99E+02	5.13E+01
Lung-SCC::SP57941	3.15E+01	1.98E+01	4.59E+01	2.41E+02	1.42E+02	1.57E+01	2.99E+02	5.86E+01
Lung-SCC::SP57818	2.02E+01	1.24E+01	3.22E+01	1.28E+02	7.98E+01	8.32E+00	1.39E+02	3.84E+01
Lung-SCC::SP56704	2.90E+01	1.55E+00	2.17E+01	2.76E+02	2.05E+02	1.09E+01	4.28E+02	3.23E+01
Lung-SCC::SP59245	2.53E+01	1.17E+01	1.81E+01	2.21E+02	1.56E+02	1.48E+01	3.67E+02	2.88E+01
Lung-SCC::SP57933	0.00E+00	1.32E+01	2.25E+01	2.95E+02	2.03E+02	1.07E+01	4.72E+02	3.23E+01
Lung-SCC::SP57669	2.40E+01	1.33E+01	3.24E+01	2.65E+02	1.83E+02	1.19E+01	4.48E+02	3.15E+01
Lung-SCC::SP58342	3.01E+01	1.35E+01	9.48E+01	2.49E+02	1.20E+02	1.17E+01	4.05E+02	4.05E+01
Lung-SCC::SP57619	2.10E+01	1.17E+01	2.78E+01	1.95E+02	1.30E+02	9.66E+00	2.85E+02	3.68E+01
Lung-SCC::SP58245	2.45E+01	1.10E+01	3.06E+01	3.28E+02	2.43E+02	1.08E+01	5.48E+02	3.47E+01
Lung-SCC::SP57251	2.34E+01	1.20E+01	1.89E+01	2.87E+02	2.27E+02	1.01E+01	4.94E+02	2.72E+01
Lung-SCC::SP58668	2.41E+01	1.63E+01	2.34E+01	4.05E+02	3.06E+02	1.40E+01	6.83E+02	3.70E+01
Lung-SCC::SP58326	2.73E+01	1.45E+01	3.53E+01	3.31E+02	2.21E+02	1.24E+01	5.07E+02	4.86E+01
Lung-SCC::SP57267	1.94E+01	1.47E+01	2.79E+01	2.41E+02	1.77E+02	1.00E+01	3.93E+02	2.81E+01
Lung-SCC::SP57066	2.47E+01	1.67E+01	2.98E+01	2.58E+02	1.68E+02	1.02E+01	3.95E+02	3.92E+01
Lung-SCC::SP57846	1.96E+01	1.06E+01	2.37E+01	1.77E+02	1.19E+02	6.87E+00	2.92E+02	2.73E+01
Lung-SCC::SP57189	3.72E+01	2.00E+01	5.39E+01	4.15E+02	2.64E+02	1.84E+01	5.97E+02	7.87E+01
Lymph-BNHL::SP116668	3.68E+01	1.32E+01	3.77E+01	9.01E+01	1.55E+02	1.71E+02	3.69E+02	1.64E+01
Lymph-BNHL::SP116697	1.16E+02	2.70E+01	1.39E+02	4.91E+02	6.96E+02	1.69E+02	1.17E+03	6.52E+01
Panc-AdenoCA::SP125732	8.84E+01	4.99E+01	5.98E+02	2.15E+01	5.90E+02	2.21E+01	0.00E+00	4.67E+00
Panc-AdenoCA::SP125770	1.88E+01	1.95E+01	2.81E+02	8.78E+01	1.34E+02	2.09E+01	1.76E+02	1.12E+01
Skin-Melanoma::SP124389	1.70E+02	6.81E+00	9.75E+00	9.69E+00	1.24E+01	5.48E+00	1.81E+02	7.51E+00
Skin-Melanoma::SP124362	5.25E+02	1.83E+01	2.03E+01	1.87E+01	2.82E+01	1.57E+01	5.65E+02	1.18E+01
Skin-Melanoma::SP124394	2.24E+02	1.15E+01	1.43E+01	6.56E+00	1.27E+01	8.74E+00	2.38E+02	8.69E+00
Skin-Melanoma::SP124334	1.77E+02	1.16E+01	1.11E+01	4.35E+01	5.28E+01	9.66E+00	2.06E+02	1.17E+01
Skin-Melanoma::SP124454	1.28E+02	6.75E+00	1.90E+01	1.11E+01	1.38E+01	5.15E+00	1.35E+02	8.34E+00
Skin-Melanoma::SP124380	3.62E+02	1.48E+01	1.53E+01	3.60E+01	5.02E+01	1.91E+01	3.95E+02	1.30E+01
Skin-Melanoma::SP124399	2.84E+02	1.52E+01	2.33E+01	4.10E+01	5.73E+01	1.24E+01	3.31E+02	1.05E+01
Skin-Melanoma::SP124311	2.37E+02	1.38E+01	1.15E+00	9.76E+01	2.12E+02	2.84E+01	4.30E+02	1.69E+01
Skin-Melanoma::SP124434	2.26E+02	8.46E+00	1.43E+01	1.44E+01	1.24E+01	7.53E+00	2.31E+02	8.12E+00
Skin-Melanoma::SP124428	6.86E+02	2.60E+01	4.11E+01	3.84E+01	4.29E+01	2.21E+01	7.48E+02	1.75E+01
Skin-Melanoma::SP124449	3.03E+02	1.23E+01	2.35E+01	1.28E+01	1.94E+01	9.99E+00	3.22E+02	1.04E+01
Skin-Melanoma::SP124298	8.47E+02	3.09E+01	1.47E+01	7.69E+01	9.31E+01	2.51E+01	8.62E+02	2.28E+01
Skin-Melanoma::SP124431	2.62E+02	9.51E+00	1.27E+01	3.95E+01	3.81E+01	8.08E+00	2.44E+02	8.74E+00
Skin-Melanoma::SP124409	4.79E+02	2.32E+01	5.06E+01	1.67E+01	2.28E+01	1.87E+01	5.24E+02	2.06E+01
Skin-Melanoma::SP124376	1.37E+02	5.20E+00	7.39E+00	8.55E+00	8.15E+00	5.09E+00	1.44E+02	4.84E+00
Skin-Melanoma::SP124439	8.01E+02	3.07E+01	1.26E+01	3.91E+01	3.91E+01	2.61E+01	8.27E+02	2.59E+01
Skin-Melanoma::SP124406	1.79E+02	6.93E+00	1.26E+01	1.61E+01	1.36E+01	1.12E+01	1.82E+02	7.61E+00
Skin-Melanoma::SP124382	9.87E+02	4.67E+01	2.00E+01	1.82E+02	2.34E+02	3.71E+01	1.13E+03	3.35E+01
Skin-Melanoma::SP124415	1.95E+03	7.33E+01	4.79E+01	9.42E+01	3.57E+01	6.55E+01	2.03E+03	7.66E+01
Skin-Melanoma::SP124436	5.44E+02	3.23E+01	2.60E+01	2.57E+02	3.24E+02	2.66E+01	9.31E+02	3.04E+01
Skin-Melanoma::SP124460	3.34E+02	1.49E+01	2.53E+01	1.76E+01	1.88E+01	1.57E+01	3.63E+02	1.28E+01
Skin-Melanoma::SP124425	1.93E+02	1.09E+01	1.41E+01	5.58E+01	6.98E+01	1.26E+01	2.47E+02	1.32E+01
Skin-Melanoma::SP124367	3.47E+02	1.37E+01	7.23E+00	2.96E+01	3.51E+01	2.47E+01	3.48E+02	1.15E+01
Skin-Melanoma::SP124377	1.56E+02	7.79E+00	1.20E+01	3.34E+01	4.20E+01	9.55E+00	1.50E+02	7.22E+00
Skin-Melanoma::SP124412	1.64E+02	5.76E+00	3.24E+01	1.83E+01	3.14E+01	7.20E+00	1.80E+02	3.34E+00
Skin-Melanoma::SP124329	1.02E+02	6.93E+00	8.17E+00	1.35E+01	1.90E+01	5.47E+00	1.16E+02	5.52E+00
Skin-Melanoma::SP124326	1.29E+02	5.94E+00	2.18E+01	1.51E+01	1.68E+01	5.85E+00	1.38E+02	8.79E+00
Skin-Melanoma::SP124458	3.75E+02	1.49E+01	1.70E+01	3.79E+01	4.17E+01	1.19E+01	3.83E+02	1.17E+01
Skin-Melanoma::SP124401	1.19E+03	3.64E+01	5.74E+01	1.59E+02	1.63E+02	3.07E+01	1.12E+03	3.88E+01
Skin-Melanoma::SP124384	3.42E+02	2.57E+01	7.64E+01	3.08E+01	8.62E+01	1.24E+01	3.30E+02	1.06E+01
Skin-Melanoma::SP124462	2.57E+02	1.29E+01	1.32E+01	2.37E+01	2.74E+01	1.04E+01	2.70E+02	8.45E+00
Skin-Melanoma::SP124452	2.26E+02	9.01E+00	1.14E+01	2.19E+01	2.69E+01	7.07E+00	2.27E+02	7.19E+00
Skin-Melanoma::SP124386	2.57E+02	1.11E+01	1.81E+01	1.46E+01	1.25E+01	8.16E+00	2.68E+02	9.99E+00
Skin-Melanoma::SP124418	2.27E+02	1.12E+01	1.67E+01	4.21E+01	4.44E+01	9.34E+00	2.66E+02	8.74E+00
Skin-Melanoma::SP124319	4.36E+02	1.89E+01	2.72E+01	1.16E+01	2.25E+01	1.68E+01	4.62E+02	1.53E+01
Skin-Melanoma::SP124447	1.01E+03	4.12E+01	2.91E+01	1.63E+02	2.00E+02	3.63E+01	1.10E+03	3.59E+01
Skin-Melanoma::SP124369	3.34E+02	1.37E+01	1.28E+01	2.15E+01	2.52E+01	1.09E+01	3.43E+02	1.06E+01
Skin-Melanoma::SP124365	1.57E+02	9.59E+00	1.34E+01	5.31E+01	5.63E+01	9.03E+00	2.06E+02	7.14E+00
Skin-Melanoma::SP124420	1.57E+02	7.36E+00	1.25E+01	1.29E+01	1.41E+01	5.52E+00	1.69E+02	7.39E+00
Skin-Melanoma::SP124364	2.32E+02	1.33E+01	1.31E+01	4.43E+01	3.95E+01	8.61E+00	2.51E+02	9.67E+00
Skin-Melanoma::SP124307	2.96E+02	1.11E+01	1.28E+01	1.35E+01	1.54E+01	8.24E+00	3.09E+02	9.62E+00
Skin-Melanoma::SP82445	1.52E+03	6.75E+01	1.16E+02	7.93E+01	6.67E+01	6.53E+01	1.63E+03	5.94E+01
Skin-Melanoma::SP83242	1.72E+02	3.38E+00	2.22E+01	2.32E+01	3.13E+01	8.30E+00	1.83E+02	7.79E+00
Skin-Melanoma::SP103894	3.55E+02	1.81E+01	1.51E+01	6.26E+01	9.48E+01	1.24E+01	3.96E+02	1.56E+01
Skin-Melanoma::SP83382	1.50E+02	6.73E+00	1.06E+01	1.71E+01	1.42E+01	4.82E+00	1.49E+02	5.73E+00
Skin-Melanoma::SP82451	1.12E+02	7.58E+00	1.51E+01	4.43E+01	4.09E+01	6.29E+00	1.01E+02	7.61E+00
Skin-Melanoma::SP83312	1.31E+02	7.00E+00	9.03E+00	2.26E+01	2.31E+01	7.00E+00	1.32E+02	5.89E+00
Skin-Melanoma::SP82614	1.27E+02	6.78E+00	8.03E+00	2.56E+01	2.95E+01	6.43E+00	1.41E+02	5.86E+00
Skin-Melanoma::SP82431	8.40E+02	3.44E+01	0.00E+00	1.37E+02	3.57E+02	9.99E+01	1.20E+03	4.53E+01
Skin-Melanoma::SP82459	1.59E+02	9.12E+00	1.04E+01	3.05E+01	3.51E+01	6.75E+00	1.75E+02	7.79E+00
Skin-Melanoma::SP82532	7.31E+02	2.03E+01	4.43E+01	1.15E+02	1.26E+02	2.98E+01	6.35E+02	2.40E+01
Skin-Melanoma::SP83482	1.52E+02	1.11E+01	9.61E+00	3.53E+01	2.79E+01	1.48E+01	1.72E+02	9.73E+00
Skin-Melanoma::SP104530	1.39E+02	9.36E+00	1.98E+01	1.02E+02	9.36E+01	8.79E+00	1.91E+02	1.31E+01
Skin-Melanoma::SP82644	5.26E+02	2.18E+01	2.58E+01	2.00E+01	2.27E+01	1.92E+01	5.60E+02	1.65E+01
Skin-Melanoma::SP82988	2.04E+02	9.08E+00	2.00E+01	8.65E+00	1.37E+01	7.51E+00	2.20E+02	9.39E+00
Skin-Melanoma::SP82461	2.01E+02	8.78E+00	1.25E+01	2.76E+01	3.35E+01	7.94E+00	2.00E+02	9.80E+00
Skin-Melanoma::SP82900	6.58E+02	2.30E+01	2.11E+01	3.56E+01	3.63E+01	2.18E+01	6.80E+02	2.43E+01
Skin-Melanoma::SP82399	2.67E+02	1.25E+01	1.02E+01	3.32E+01	3.67E+01	1.14E+01	2.75E+02	1.17E+01
Skin-Melanoma::SP82417	6.12E+02	2.19E+01	2.55E+01	8.39E+00	4.10E+01	1.68E+01	6.55E+02	1.52E+01
Skin-Melanoma::SP104056	6.32E+02	3.02E+01	2.26E+01	1.55E+02	4.29E+02	2.63E+01	1.04E+03	2.81E+01
Skin-Melanoma::SP83083	1.80E+02	8.36E+00	1.16E+01	2.98E+01	3.54E+01	6.64E+00	1.80E+02	8.15E+00
Skin-Melanoma::SP83019	2.47E+02	9.29E+00	9.98E+00	1.48E+01	1.68E+01	7.38E+00	2.49E+02	9.09E+00
Skin-Melanoma::SP83146	7.73E+02	3.22E+01	4.35E+01	2.48E+01	3.93E+01	2.66E+01	8.27E+02	2.51E+01
Skin-Melanoma::SP103866	1.96E+02	9.31E+00	1.73E+01	2.60E+01	3.83E+01	9.22E+00	2.30E+02	1.15E+01
Skin-Melanoma::SP83844	1.29E+02	6.41E+00	7.70E+00	2.37E+01	2.76E+01	6.34E+00	1.28E+02	7.29E+00
Stomach-AdenoCA::SP135287	4.46E+01	3.61E+01	3.48E+02	4.15E+01	3.52E+02	1.45E+01	7.98E+01	4.73E+00
Stomach-AdenoCA::SP85122	7.94E+01	4.52E+01	4.50E+02	6.49E+01	4.66E+02	1.59E+01	7.72E+01	5.82E+00
Stomach-AdenoCA::SP84384	8.69E+01	4.33E+01	6.14E+02	1.74E+01	5.95E+02	2.45E+01	1.27E+02	8.24E+00
Stomach-AdenoCA::SP84491	2.11E+01	1.35E+01	2.68E+01	5.02E+01	6.63E+01	1.43E+02	2.45E+02	1.19E+01
Stomach-AdenoCA::SP84743	2.24E+01	1.12E+01	2.36E+01	1.16E+02	1.50E+02	1.46E+02	4.29E+02	1.54E+01
Stomach-AdenoCA::SP84982	2.10E+01	1.86E+01	2.54E+02	4.62E+01	2.53E+02	3.09E+01	6.61E+01	8.44E+00
Stomach-AdenoCA::SP84392	4.23E+01	4.74E+01	4.63E+02	5.17E+01	4.50E+02	2.61E+01	1.28E+02	6.81E+00
Stomach-AdenoCA::SP105018	1.75E+01	1.93E+01	3.59E+01	5.50E+02	4.08E+02	5.74E+01	9.91E+02	2.82E+01
Stomach-AdenoCA::SP84439	3.70E+02	1.49E+02	1.13E+03	4.81E+02	5.49E+02	1.13E+02	9.88E+02	4.50E+01
Stomach-AdenoCA::SP84922	2.05E+01	1.51E+01	2.95E+01	2.13E+01	2.53E+01	1.22E+02	1.47E+02	1.23E+01
Uterus-AdenoCA::SP90209	7.01E+02	2.48E+02	2.76E+03	1.02E+01	1.87E+03	0.00E+00	4.50E+03	7.26E+00
Uterus-AdenoCA::SP93540	3.42E+01	2.87E+01	2.63E+02	3.28E+01	2.99E+02	1.15E+01	1.41E+02	7.43E+00
Uterus-AdenoCA::SP93227	6.37E+02	3.50E+02	3.41E+03	8.56E+02	4.34E+03	7.68E+01	5.22E+03	0.00E+00
Uterus-AdenoCA::SP94933	3.95E+01	2.51E+01	2.36E+02	1.80E+02	2.62E+02	2.92E+01	5.63E+02	1.05E+01
Uterus-AdenoCA::SP92364	3.87E+01	4.16E+01	6.49E+02	1.52E+02	3.14E+02	4.85E+01	6.03E+02	8.45E+00
Uterus-AdenoCA::SP92659	0.00E+00	4.64E+01	4.92E+01	4.40E+01	0.00E+00	1.44E+01	2.25E+01	5.43E+00
