MutationType	SBS96A	SBS96B	SBS96C	SBS96D	SBS96E	SBS96F	SBS96G	SBS96H	SBS96I	SBS96J	SBS96K
A[C>A]A	0.00022403798463079382	0.0013832405745051802	0.0007549666124396026	0.0009353274921886623	0.0018949851812794804	0.05763109296560288	0.0022980484017170967	0.003478554687462747	0.01806373570114374	0.0003821383221657015	0.001211410165997222
A[C>A]C	0.0003582792286761105	0.0028684466192498803	0.0018369390087445937	0.002208395057823509	2.0684827495642823e-05	0.030008978843688965	0.00128473125747405	0.001625703009776771	0.014667401760816575	0.000789507704321295	0.0005524447013158351
A[C>A]G	3.05923370342708e-05	0.00015586616238579153	3.812842550305673e-05	1.1080381032400055e-05	2.494500622560747e-06	0.013608170095831157	0.00016698876985174138	6.30627662576444e-05	0.0020587014593183993	5.2612217109526684e-05	0.00013238262123195456
A[C>A]T	0.00045602750324178485	0.012494979910552501	0.0071828413035382255	0.005520625121425838	0.0003402938719955273	0.03688873820006847	2.6710270176408813e-05	0.0017361466074362398	0.013758782576769591	0.0011063394008670002	0.00043052365246694537
A[C>G]A	0.0001767844358982984	0.0003301805391674861	0.0004560879844939336	0.0025996203138493003	0.00022358092643823282	0.013636978138238191	0.0015256481326650828	0.0006997594429412856	0.015353875178843736	0.0003463958986685611	0.0023895550728775562
A[C>G]C	0.00014069499255128903	0.00014316548578790388	0.0004272766788199078	0.0008543893066234886	0.0002099946750422532	0.004916494907811284	0.0008838909538462759	0.0007681329071056097	0.00899540787562728	0.000245644122333033	0.000840371260419488
A[C>G]G	6.9182307634037e-05	7.101042207580122e-07	0.0002646946066943201	7.789054443492205e-05	0.00017005516001518208	0.00269366389606148	6.139881934359437e-06	0.00011489633609016891	0.0030707769840955736	4.075522903349338e-05	0.0001752994475828018
A[C>G]T	0.0002812144104973413	0.00011722022652975283	0.00032974755949908283	0.0019769150856882335	0.0010275052255019545	0.006924606114625931	0.0022680604481138287	0.001781042309012264	0.01775257918983698	0.0004394861435866915	0.002339901514351368
A[C>T]A	0.00011653024491441783	0.0006220649986062199	0.014280882643070071	0.06385140486061573	0.00022281466744093612	0.012342767026275396	0.007971740160137415	0.0020591929648071526	0.02254670564085245	0.03047756616026163	0.005236383387818932
A[C>T]C	0.014101668791845441	0.0028147174464538695	0.02117797980259638	0.012707007825374603	0.017012907564640044	0.0016778763057664038	0.0010984914819709957	0.0010184091934934258	0.003769806936616078	0.11100910782814026	0.00021550241828663275
A[C>T]G	0.00016668300820128933	0.0059216473251581195	0.023118444895371796	0.11815117746591568	0.00014622506540036862	0.002058791879098862	0.0034795171720907103	0.005857292423024773	0.009024733286350966	0.008117885757237674	0.0022644259338267148
A[C>T]T	0.007060647932812572	0.005552815888077021	0.010657833770965226	0.01580416113138199	0.009418268864974379	0.0032217201497405767	2.2057740746164733e-05	0.0016380086308345199	0.015722622573375703	0.08841296955943108	0.0012818323343526572
A[T>A]A	0.0022698218957521023	0.0007603905303403735	0.0017818951397202908	3.674108231734863e-05	0.007968939738348127	0.007034322340041399	0.011851680781692266	4.374266427475959e-06	0.026640481129288674	0.0006523517085588538	0.00019743191845918889
A[T>A]C	0.0009265708643943071	0.0001512319891480729	0.002785255061899079	0.002229222981259227	0.0015985985088627786	0.002163001401349902	0.011200473327189684	0.00155075870687142	0.009953387845307589	0.0003658940464083571	0.00024145334973582066
A[T>A]G	0.0006878787954337895	9.131058973252948e-06	0.0007579390483442694	0.00019349256193891052	0.0020197292673401535	0.009736283160746097	0.0027397934859618544	0.00042906998976832255	0.01697746619582176	0.0002711159863974899	0.00031095160695258526
A[T>A]T	0.004618459409102798	0.004967816509306431	0.00986032004468143	0.015542556121945382	0.02422396754845977	0.0027858168305829167	0.029200521819293498	0.005438696071505547	0.01827590959146619	0.0	9.906838895418854e-06
A[T>C]A	0.0006362244160845876	0.00676025371067226	0.004594405565876513	0.010734629444777965	0.000976912564074155	0.015699203927069902	0.06685016244649887	0.0016871698992326856	0.03609032057225704	0.0017664962541311979	0.0012616054667159914
A[T>C]C	0.0002779832351370715	0.004044970567338169	0.0031518155615776777	0.005738139357417822	0.00039445963710022625	0.0003752725772210397	0.023022313639521598	0.0034463095711544157	0.010378426983952522	0.0009013768669683486	0.00017331996561551933
A[T>C]G	0.00018100702494848518	0.001777254876215011	0.0013836195738986135	0.014337418023496867	0.0015835839917417616	0.01006531747058034	0.061373373195528984	0.0007636956169754683	0.016812280155718326	0.0007167058438062668	0.00039404979354003446
A[T>C]T	0.0009355413242156086	0.006804503491148353	0.003859110347693786	0.0019430361286504195	0.004112160997465253	0.0026165829435922205	0.029888831153512	0.005078048724681139	0.03402575843036175	0.0016312130563892425	0.0007649828057037666
A[T>G]A	0.0006703938089776784	0.0038712763134390116	0.0005777666647918523	8.591895048084552e-06	0.0024113785452209414	0.00030967683662311177	0.002266546355094761	0.003330274703912437	0.011115297209471464	0.00018671323676244355	0.00014722432342750835
A[T>G]C	0.0003769957201438956	0.0036290529556572437	0.0012384103331714868	0.0005049732997576939	0.0012249863252509386	7.844833426133846e-05	0.0030043313652276995	0.0053166634310036895	0.0023560517281293867	7.016987034347722e-05	9.24855762423249e-05
A[T>G]G	0.0006192241711158093	0.0016865489026531577	0.0021950604853918777	0.0003480137779843062	0.0011423724034343146	0.000983514073304832	0.0022554723592475056	0.002509778351522982	0.008293085182085633	6.122722905274714e-05	0.00010003725043134182
A[T>G]T	0.0004030105725723843	0.029173311404883863	0.0025378797785378993	0.0006955025601200759	0.0019391967658884824	0.0002458865460357629	0.005424772882834077	0.0548161856085062	0.004388494649901986	0.00021732017296017148	0.00010285184980602935
C[C>A]A	0.0007362293661572039	0.0026120695238932966	0.007222378943115473	0.007968551125377416	0.004510721531696618	0.07794582158327103	0.005609225546941161	0.001641948742326349	0.007912940857931972	0.00026744815691930567	0.0014422494964674115
C[C>A]C	0.00019694057205924765	0.0002399297915076204	0.003997410610463703	0.0175560799613595	0.001940769957145676	0.06186283655464649	0.010819842386990786	9.42488952568965e-05	0.004487649598158896	0.000559070308227092	0.0007872081419918686
C[C>A]G	7.677500821955619e-05	5.975273911644763e-05	0.0008548327344760765	0.0024576749466359614	0.0008659395831637084	0.017404513843357564	0.003064644653350115	1.728289874222355e-05	5.112131999339908e-05	9.079852850391034e-06	0.00019607401845860294
C[C>A]T	0.00025831759652646726	0.013097899612039327	0.04180431976274122	0.061526989415287975	0.0077659969078376885	0.06141070894896984	0.01961035655811429	0.00031223301899444776	0.0	0.0006203626783099026	0.00037761471176054327
C[C>G]A	5.092117588446854e-05	4.53766401278699e-06	0.00026177791281952525	0.0	0.00042533779138466345	0.010498977843672036	0.0	0.0006526224722620099	0.009366256222128867	0.00011840399860375328	0.003529389286413789
C[C>G]C	8.99392162773438e-05	1.067328321369132e-06	0.00019542138054021052	1.8309029683223345e-05	0.0010441572032868862	0.008471489008516074	0.0	0.00047364337020553647	0.008544589085504413	0.0001402735634474084	0.0006941256491700187
C[C>G]G	0.00010693886608351022	0.0	0.0003850877545183806	7.380592367553618e-05	0.00043527369234652724	0.003660611673258245	8.14708891994087e-06	7.807426502495218e-06	0.0029398170486092568	0.0	0.0008873314969241619
C[C>G]T	5.531299329947914e-05	7.2137835741159505e-06	0.00020503046520389034	3.9471164127462545e-05	0.002420585382496938	0.008562212325632573	1.997575418499764e-06	0.0013390792184509337	0.013486962169408798	0.00018572102242615075	0.003901031818240881
C[C>T]A	0.047232556119561196	0.0	0.0402490094435052	0.004258433072827757	0.08736767619848251	0.014176564402878284	0.002444599032169208	0.00134495934471488	0.019272005781531334	0.02476694006472826	0.006090094302780926
C[C>T]C	0.037983984239399436	1.7663664766587317e-06	0.07386731359176338	0.001118601906707265	0.1238991466164589	0.006966738309711218	0.0017527105925705655	0.00018959080582135358	0.001350636244751513	0.12040533915162087	0.0001359723601490259
C[C>T]G	0.003869681277428754	0.0014161601883824915	0.017070966977626084	0.08285918965935707	0.018489884100854396	0.0029180930508300664	0.006255980711430311	0.003936425382271409	0.00749156853184104	0.0036589835118502377	0.0029542027693241833
C[C>T]T	0.0439401688054204	0.0011006902414374053	0.04379119817400351	0.002021890676114708	0.11909572094678879	0.013209383562207222	0.001886497771483846	0.00019083930196899245	0.018845247700810433	0.0943745331466198	0.0012365715997293592
C[T>A]A	0.0002722556161461398	8.694841104443184e-05	0.0001945415563204733	0.0	0.0014211251609958708	0.012536433879286052	0.00132208181777969	0.0005696464254288003	0.017217893674969672	0.00026557455188594756	0.0002744022666593082
C[T>A]C	0.0002555816094718466	9.221778527717107e-06	0.0009050635453968425	0.0025344963697716593	0.003789024066645652	0.0075300346687436105	0.00428801778703928	0.010069918055087328	0.01628113182261586	0.00031758870463818314	0.00011211545363039477
C[T>A]G	0.0002149121135153109	4.9586040440772194e-05	1.848441195079431e-05	2.205405144195538e-07	0.0003323879689560272	0.024724044166505338	0.0015751871094107628	0.0030188815947622062	0.01822954211384058	0.00039256695949006824	0.00014721611616550946
C[T>A]T	0.0006339118586038239	0.0002824385344865732	0.0004832170860754559	0.0009860624687280505	0.008678434654138983	0.009679511394351721	0.0003640598042693455	0.031435970328748224	0.022844044491648674	0.0004591541475383565	0.00013132162337569752
C[T>C]A	0.0005949873180361464	0.00024911031981901034	0.00090813048183918	0.005753794070333242	0.003176999273709953	0.0076498807035386565	0.043582311049103734	0.006807551616802811	0.013545876890420914	0.0003556369354191702	0.0001523266956792213
C[T>C]C	0.00038605228444794194	0.0003806074569001794	0.0019401972473133355	0.006682433364912868	0.0012661323428619653	0.0010316181974485516	0.02383299894630909	0.03505964696407318	0.01139488335698843	0.0007333096850197763	5.587370463899788e-05
C[T>C]G	0.00016359802100851084	5.8933274067385356e-05	5.538888512116213e-05	0.016331004705280067	0.0013523918500868604	0.006598673267289996	0.06223352082073688	0.021588037461042403	0.003111939299851656	0.00029631075816723753	0.00014149422298942227
C[T>C]T	0.0029203776316717267	2.720067568589002e-06	0.004152175179915503	0.004083060496486724	0.016637820973992346	0.0027072208002209665	0.03633998617529869	0.10536883041262626	0.013022887017577887	2.7403521235100923e-05	0.00011146066950459499
C[T>G]A	0.0001151213903358439	0.0038068324606865644	0.00023594430720550008	0.0006717565946746618	0.0008652702887775376	0.00022104266499809456	0.0016810844885185362	0.003477254151366651	0.008089993670582772	3.224575746571645e-05	7.939917884868918e-05
C[T>G]C	1.260630611795932e-05	0.0006412342831026763	0.0006168476142920554	0.00310759823769331	0.0029157011501956733	0.0003587801969842985	0.007499655140563845	0.021660997122526168	0.00287329216953367	2.1926431202246022e-05	0.00010473886082763784
C[T>G]G	9.558926700265147e-05	0.0018844128074124455	0.0010034377411648166	0.0036994036985561253	0.0031658986932598054	0.0026384087326005103	0.00883831012994051	0.010674931928515435	0.008324906416237354	6.705094137942069e-06	0.00010524726829316933
C[T>G]T	0.0004470852251688484	0.010699600502848626	0.002268059553823621	0.0019971021311357617	0.0035067628589996232	0.001418188561219722	0.005960437577036686	0.30924032151699066	2.004370778518709e-21	0.00017483058909419923	0.00019115040042379404
G[C>A]A	3.8107704864636107e-05	0.0014579751947894693	0.001667577985790558	0.004234913331456483	0.0006000182640855201	0.04134625151753426	0.001354936072602868	0.004597864421084523	0.008184926332905889	0.00023647084264666774	0.0008417489135172218
G[C>A]C	1.7006285816023592e-05	0.0015009573381394147	0.004369900794699788	0.0045624768896959725	0.0	0.031180707477033137	0.0015650743152946234	0.0010357999056577682	0.006878318069502711	0.0004696092367521487	0.0005353245529113337
G[C>A]G	5.072356231394793e-07	1.3873285840872995e-05	0.0003273324013991896	0.0005040555199957452	1.129630400100723e-06	0.012463642656803131	0.0008898414683062583	0.00011687705846270546	0.0008492292603477835	8.136271026160102e-07	0.00010018706787377596
G[C>A]T	4.848847811445011e-07	0.009138874225318432	0.019584794035181402	0.017323506202083082	0.0	0.02642908934503794	0.0001601657527685374	0.002785131293348968	0.00673191892914474	0.00045659527159841673	0.0004395659790316131
G[C>G]A	5.019365209591342e-05	0.00023824560747016222	0.0004054029662358971	0.0005793587275547907	5.4705224465578795e-06	0.008300546910613776	0.0	0.00026175740611506627	0.006910881521180272	0.0001328680693404749	0.0009012527321465313
G[C>G]C	0.00013518895008019172	0.00012674876488745214	0.0004432049314345932	0.0013523787981830537	0.00035804581129923464	0.006415100740268826	0.0018098806799389422	0.000592570310109295	0.0079874325171113	0.00022040904499590397	0.0005466836702544242
G[C>G]G	3.213104198948713e-05	0.0	0.00013765785843133926	8.439405686658575e-05	0.00019660293735796586	0.003473865883424878	3.6988863498663705e-05	5.020171056457912e-07	0.0014555844152346253	1.693143573504585e-05	0.0001259312027832493
G[C>G]T	0.000122116092388751	0.00022835744137410076	0.0003389763647003844	0.0011105758231133222	0.0006933646637480706	0.00457865612115711	0.0005995313872699626	0.0006371003383537755	0.011500198673456908	0.0002837010135408491	0.0015789184626191855
G[C>T]A	0.0	0.0016103682981338352	0.0286966142244637	0.06204305544495583	0.0	0.005015880791470409	0.0027605497748936616	0.0004746083438931237	0.016887833792716266	0.029018534757196904	0.005013016173616052
G[C>T]C	0.009342350997030735	0.011251061526127159	0.050236108023673294	0.06285098172724247	0.006841458585113287	0.00039655273381880416	0.011677071824669838	5.16873598499192e-06	0.0019141589157516416	0.11524177208542824	0.0006891023932257668
G[C>T]G	8.481003728465626e-06	0.014322925582528115	0.05539935656182934	0.14721860334277154	7.903905060870908e-05	0.0008424129647755762	0.010481118019670247	0.004174408772960305	0.004626052123494446	0.006698879636824131	0.001665210232604295
G[C>T]T	0.017163129802793265	0.016313341502100228	0.03282032157526129	0.04216770075261593	0.0050494277611142025	0.0011548508910345845	0.006626781160011887	0.00013150211426363968	0.012806170210242272	0.08147098451852798	0.0005741482658777386
G[T>A]A	0.0005788175057386979	4.261907139152754e-05	6.20310494115795e-05	0.0	0.000619543815846555	0.008539750259369611	0.0036306032259017227	6.731767248498634e-06	0.011101903282105923	0.00016164438835403417	5.6052233185255317e-05
G[T>A]C	0.00027814643777674064	3.390635302821468e-05	0.002183783202635823	0.0012278004770632832	0.0005307205099961721	0.0027389039611443876	0.0059904879983514545	0.002525957184843719	0.005419280156493187	0.0003554811203139252	5.688902496331138e-05
G[T>A]G	0.0003811677050543949	0.0	0.00027279502188321203	0.00032084778460557574	7.371312970917643e-05	0.01164712207391858	0.004359651943668723	0.0006252382625825703	0.010486647002398968	0.00015435168586918735	0.000139097655628575
G[T>A]T	0.0006141593324718997	0.0003294432774418965	0.0008595266909105703	0.0016232515196315945	0.004064709099475294	0.004481932809576392	0.0036261238995939494	0.006223586685955525	0.01240405611693859	0.00030327229498652744	0.00017242385056306375
G[T>C]A	0.0001333501227782108	0.010288550890982151	0.012884884588420391	0.011916430694982409	9.823827835191636e-06	0.004227330973371864	0.07663677737116814	0.0006317061121808365	0.010134110148064791	0.0020130754844285546	0.0003002996702707605
G[T>C]C	0.0001958140057104174	0.010248099700547755	0.013247260148345959	0.009166903486475348	1.5021718718344345e-06	9.706009497676859e-05	0.022399788685142995	0.007229935619980097	0.006535239815711975	0.0012509900145232678	0.00013674573877324293
G[T>C]G	0.00010479710097957889	0.002662995238788426	0.0062886749548488295	0.01113849950954318	0.00021653858477447052	0.003377684294246137	0.058600536808371545	0.004155714740045368	0.005983589496463537	0.0006126033198597724	0.00018189524038461969
G[T>C]T	0.004268025672063231	0.016070764474570752	0.02306171437725425	0.0031914969673380255	0.010816251784563065	0.00016238567419350148	0.050401593521237374	0.008932500537484884	0.014761051107198	0.00010860161259357703	0.00018171483243349939
G[T>G]A	0.00010874493533265195	0.0011212544282898306	0.0004879427065316122	8.155660034844914e-05	0.0005665177793707698	0.000326884284731932	0.0012188988481648267	0.0011546736396849154	0.004739850116893649	1.2599623630080715e-05	9.851473005255685e-05
G[T>G]C	0.0001675444118154701	0.0016768675111234188	0.0016937240076367744	0.0011229565023677423	0.0005782998632639647	0.00015331454313127324	0.0015012873616069556	0.005572567926719785	0.001982538579031825	6.0825237321751045e-05	4.525425278188777e-05
G[T>G]G	0.0009156944276764989	0.0007501618925016373	0.003666475163772702	0.0013782267016358674	0.001334948125295341	0.001566023707855493	0.002518733432516456	0.003361781812272966	0.007674044910818339	0.0	0.00032254443038254977
G[T>G]T	0.001202403879724443	0.0031217116536572578	0.005264776987023652	0.0038016549800522627	0.0046142637357115745	7.766419086692622e-05	0.006414269311353565	0.07871008560061454	0.0028779660677537323	6.2700784792482085e-06	1.7843042460299838e-05
T[C>A]A	0.0003048032263670168	0.05010878406465054	0.002964976686052978	0.0015123758336994797	0.002967328273225576	0.04633172281086445	0.0008544904965674504	0.001843033421318978	0.015432987306267023	0.00014033936446594453	0.03212975185364485
T[C>A]C	0.0009111409855540842	0.0070216403156518935	0.004475974531378597	0.0034414826286956668	0.004661077675409615	0.046599433422088624	4.534329479724875e-05	0.0012883167923428119	0.011423168405890465	0.0008426633535418659	0.011896814201027155
T[C>A]G	3.784797312711419e-05	0.0011971264029853046	0.0001689506856200751	0.00037773989897686987	0.0002320529841381358	0.008609269764274358	0.00033530545944813637	0.00021891773911193014	0.0015558927156962454	2.969783621229391e-06	0.0020723543548956513
T[C>A]T	0.0008174625771061983	0.37377496719360354	0.0349015661329031	0.00991340089472942	0.0	0.05263906165957451	0.0	0.0001725007165177357	0.007693753479979932	0.0006152248976286501	0.013697156459093094
T[C>G]A	4.5399284577212466e-05	0.0	0.00025476340455497847	4.226194581181564e-05	0.0002651025502941451	0.008228427516296506	0.00010230122975940503	1.7863056564237923e-06	0.004588777319511337	0.0	0.17645041704177855
T[C>G]C	0.0001410658889509622	1.1071496965087136e-05	0.0006606876654404914	6.435877078673435e-05	0.0019919168204069137	0.008909696415066719	2.5223300413663495e-05	0.0006406210351269692	0.011336650494486093	0.00030846022244077173	0.03666749730706215
T[C>G]G	7.563186627976393e-05	2.2515192313221633e-07	0.00020954056939672227	5.3796577685716325e-06	0.00014111836106167174	0.002078054437879473	3.097255821558065e-06	4.9502982419653564e-05	0.0019111615815199912	1.0833714230784609e-05	0.007227229615673423
T[C>G]T	0.00024689730191312264	2.6574654866635684e-05	0.0006296117277815938	0.0008429067896213383	0.0045279381703585385	0.009420902738347649	0.002243447552900761	0.0020805057184770702	0.013924835938960314	6.224280024035523e-05	0.20926482290029524
T[C>T]A	0.2524793553352356	0.002099852698738687	0.00469464018009603	0.0066825907118618485	0.054480448817632664	0.0009107363684034758	0.002019946373766288	0.0009088416595477611	0.004712995640002191	0.025179629903286694	0.2715047097206116
T[C>T]C	0.3421273571252823	0.010195966903120279	0.17005349817336537	2.356337499804797e-05	0.04739179238677025	0.0009414644258800588	0.00013282977442941046	0.0005108148878945555	0.002839430056360474	0.12136225089430809	0.02068339220015332
T[C>T]G	0.06762189298868179	0.07210248038172722	0.06623959040269256	0.04185510892421007	0.043514873534440994	0.0	0.0013652552908752114	0.0008308599056908861	3.0157310538925232e-05	0.0	0.021510955579578876
T[C>T]T	0.11565379053354263	0.0387529706582427	0.04382887975855373	0.0001301614381408342	0.14064822360873222	0.0025621438904150297	3.847687057303872e-05	0.002583227197173983	0.004359392423242809	0.1134207347035408	0.13515032470226288
T[T>A]A	0.0003880394424777478	0.0014465653779916466	0.0022854793560691177	0.005549482344649732	0.009046536320820451	0.007524915141984821	0.011103950850665569	0.003191656917333603	0.02572712182998657	4.085137131596639e-05	0.0003481874839053489
T[T>A]C	0.0004958837076992495	0.0005603921809233725	0.0009500735505915259	0.00040396246338787024	0.00818595264106989	0.002732421620748937	0.0024686124827712776	0.00283464880194515	0.012510958220809698	0.00032882864514249377	2.9241841020848368e-05
T[T>A]G	5.5315643779319785e-05	0.0006117143610026687	0.0004797590649104677	6.859584864287172e-06	0.0035497073153965175	0.00803667020983994	0.001701523142401129	0.0009290034824516625	0.012387404050678015	0.0002006269594130572	0.00021449182269861922
T[T>A]T	0.002101854308275506	0.005177217274904251	0.0032957655572681687	0.002272674022242427	0.06261509034782647	0.003611230617389083	0.007000302141532302	0.011393024679273367	0.025190108008682727	0.00014978545979829505	9.949283805326558e-05
T[T>C]A	0.002181187633937043	0.006934680426493287	0.011006244532763958	0.006397589570842683	0.012186020277440548	0.0037990325409919022	0.047939629927277565	0.006676481058821082	0.02111093347892165	7.527175555878785e-05	0.00029016103864705657
T[T>C]C	0.0009013257239712402	0.006976460739970207	0.006778452638536691	0.009066777154803276	0.006323723830282688	3.5511853609527823e-32	0.028939000479876995	0.01008179809898138	0.010038611851632595	0.0005154349491931498	0.00011197937812255531
T[T>C]G	0.0004946720600128173	0.0036513645621016623	0.00339435710106045	0.00891226870007813	0.005368858990259469	0.0037794066267088054	0.03414530903100967	0.0048992879409343005	0.006977358059957623	8.322391764579606e-05	0.00015826905443191207
T[T>C]T	0.00031054357201756194	0.01093490719795227	0.003204456579987891	0.009103687079623342	0.02564439583569765	0.00026468330921488816	0.052351211830973625	0.015297663435339927	0.016687495354562997	0.00044642670662142336	0.000387569114100188
T[T>G]A	0.00011605980327613618	0.016076721977442504	0.0013390667061321437	0.0	0.005521607976406813	1.788834561011754e-05	0.0007889614009764046	0.005649892007932067	0.013429168034344912	3.368097621205379e-05	0.00023190664665889926
T[T>G]C	3.349819112990823e-05	0.008008185178041458	0.0019274193316232413	5.852487151287278e-05	0.006028039217926562	3.260593939558021e-05	0.001549442324321717	0.008736773822456599	0.005267433803528548	0.00014626547668740387	5.174479318156955e-05
T[T>G]G	9.044866892509163e-05	0.0027940702764317395	0.0010821268009021878	0.0011243263608776033	0.004891722733154893	0.0019266698765568436	0.0031606522249057888	0.005093528088182211	0.010303702261298895	8.443672173598316e-05	0.0001279504180274671
T[T>G]T	1.4858271460980177e-05	0.14625343948602676	0.012837750734761358	0.00045462909154593946	0.01690983010455966	0.00016494005776621635	0.0073430169466882945	0.10575962573289871	0.010950214974582196	0.00021212940075202968	0.0002682737656141399
