MutationType	SBS96A	SBS96B	SBS96C	SBS96D	SBS96E	SBS96F	SBS96G	SBS96H	SBS96I	SBS96J	SBS96K
A[C>A]A	1.99E-05	2.90E-05	8.59E-05	8.53E-05	5.35E-05	1.26E-04	3.07E-05	2.24E-05	1.26E-04	1.30E-05	1.90E-05
A[C>A]C	1.70E-05	7.14E-06	2.65E-04	6.10E-05	7.17E-06	5.91E-05	2.42E-05	1.23E-05	8.78E-05	1.57E-05	1.11E-05
A[C>A]G	2.23E-06	8.12E-06	4.94E-06	4.17E-06	1.04E-06	3.92E-05	9.96E-06	4.42E-06	3.64E-05	4.16E-06	5.68E-06
A[C>A]T	1.79E-05	3.36E-04	1.38E-03	5.58E-04	2.45E-05	9.43E-05	1.09E-05	2.00E-05	1.09E-04	5.67E-05	1.19E-05
A[C>G]A	9.07E-06	6.99E-06	3.91E-05	1.06E-04	3.55E-05	3.89E-05	3.90E-05	1.48E-05	7.18E-05	1.13E-05	2.79E-05
A[C>G]C	9.56E-06	1.71E-06	2.67E-05	2.88E-05	2.84E-05	2.69E-05	1.54E-05	9.31E-06	4.42E-05	6.49E-06	1.82E-05
A[C>G]G	1.01E-05	2.46E-07	3.74E-05	6.23E-06	2.47E-05	1.45E-05	2.10E-06	4.27E-06	2.40E-05	3.31E-06	7.51E-06
A[C>G]T	8.25E-06	3.95E-06	4.12E-05	9.51E-05	4.25E-05	5.11E-05	3.10E-05	1.37E-05	7.61E-05	1.31E-05	3.24E-05
A[C>T]A	2.03E-05	8.17E-05	2.59E-03	5.07E-04	2.81E-05	5.81E-05	2.38E-04	4.52E-05	1.75E-04	2.00E-04	8.08E-05
A[C>T]C	4.74E-04	5.02E-05	1.40E-03	2.74E-04	4.75E-04	1.36E-04	6.33E-05	2.38E-05	2.50E-04	4.63E-04	3.26E-05
A[C>T]G	2.57E-05	1.09E-04	3.68E-03	1.42E-03	2.64E-05	7.45E-05	3.86E-04	9.78E-05	2.49E-04	8.48E-05	8.51E-05
A[C>T]T	3.67E-05	1.08E-04	9.35E-04	2.59E-04	1.69E-04	1.30E-04	2.20E-05	1.87E-05	2.62E-04	3.01E-04	3.17E-05
A[T>A]A	3.96E-05	2.11E-05	1.31E-04	1.20E-05	1.56E-04	6.79E-05	1.14E-04	2.65E-06	1.15E-04	4.09E-05	2.36E-05
A[T>A]C	3.47E-05	7.84E-06	4.78E-04	6.76E-05	4.64E-05	1.84E-05	9.27E-05	1.25E-05	6.12E-05	2.69E-05	1.06E-05
A[T>A]G	1.13E-05	1.78E-06	1.05E-04	3.25E-05	4.69E-05	3.62E-05	1.86E-05	1.10E-05	6.89E-05	1.04E-05	9.41E-06
A[T>A]T	1.66E-04	5.41E-05	4.95E-04	4.20E-04	3.63E-04	2.91E-05	6.15E-05	2.79E-05	1.40E-04	0.00E+00	3.62E-06
A[T>C]A	1.12E-05	2.56E-04	7.57E-04	6.14E-04	8.40E-05	8.15E-05	3.58E-04	5.00E-05	2.41E-04	3.04E-05	2.45E-05
A[T>C]C	6.27E-06	1.68E-05	3.51E-04	8.49E-05	3.58E-05	2.13E-05	1.26E-04	2.10E-05	6.62E-05	2.15E-05	8.95E-06
A[T>C]G	1.40E-05	3.91E-05	5.40E-05	8.59E-04	5.16E-05	3.33E-05	1.76E-04	4.78E-05	1.71E-04	1.94E-05	1.64E-05
A[T>C]T	1.05E-04	1.21E-04	3.39E-04	1.49E-04	2.14E-04	1.00E-04	2.11E-04	2.49E-05	1.30E-04	2.32E-05	2.03E-05
A[T>G]A	1.08E-05	8.26E-05	8.39E-05	3.69E-06	5.06E-05	3.32E-05	2.55E-05	1.31E-05	4.88E-05	8.25E-06	8.79E-06
A[T>G]C	1.86E-05	8.49E-05	8.21E-05	4.81E-05	3.14E-05	7.44E-06	3.36E-05	1.43E-05	2.50E-05	4.63E-06	4.62E-06
A[T>G]G	8.80E-05	3.83E-05	2.84E-04	1.68E-05	1.64E-04	2.72E-05	1.83E-05	1.37E-05	5.11E-05	9.49E-06	7.16E-06
A[T>G]T	3.64E-05	6.53E-04	2.10E-04	7.69E-05	6.35E-05	1.36E-05	2.81E-05	6.07E-05	4.24E-05	8.81E-06	7.94E-06
C[C>A]A	1.07E-04	5.55E-05	3.40E-04	5.64E-05	4.68E-04	2.77E-04	4.25E-05	2.19E-05	9.94E-05	3.25E-05	3.11E-05
C[C>A]C	1.20E-05	3.44E-05	6.73E-04	2.33E-04	5.97E-05	2.47E-04	4.56E-05	1.43E-05	8.51E-05	1.56E-05	1.84E-05
C[C>A]G	1.14E-05	7.72E-06	5.64E-05	5.48E-05	3.18E-05	6.74E-05	1.75E-05	3.60E-06	1.47E-05	2.36E-06	6.23E-06
C[C>A]T	2.85E-05	5.11E-04	7.81E-03	2.26E-03	1.69E-04	3.30E-04	4.69E-04	2.68E-05	0.00E+00	7.36E-05	5.32E-05
C[C>G]A	7.28E-06	4.84E-07	3.63E-05	0.00E+00	2.64E-05	2.73E-05	0.00E+00	1.01E-05	5.47E-05	5.01E-06	3.53E-05
C[C>G]C	5.31E-06	2.44E-07	2.78E-05	4.28E-06	3.02E-05	2.81E-05	0.00E+00	8.22E-06	5.66E-05	4.73E-06	1.29E-05
C[C>G]G	1.55E-05	0.00E+00	5.52E-05	5.79E-06	2.75E-05	1.20E-05	2.51E-06	1.86E-06	2.84E-05	0.00E+00	1.76E-05
C[C>G]T	9.26E-06	9.23E-07	3.14E-05	8.39E-06	6.76E-05	4.02E-05	1.20E-06	1.39E-05	6.46E-05	8.68E-06	3.75E-05
C[C>T]A	8.21E-04	0.00E+00	5.67E-03	3.12E-04	6.84E-04	8.14E-05	1.93E-04	3.48E-05	3.71E-04	2.79E-04	2.69E-04
C[C>T]C	2.89E-03	1.77E-06	1.05E-02	2.44E-04	2.63E-03	2.18E-04	1.30E-04	5.04E-05	3.70E-04	9.10E-04	7.72E-05
C[C>T]G	2.64E-04	8.55E-05	1.07E-03	1.65E-03	2.26E-04	5.71E-05	2.66E-04	7.42E-05	1.20E-04	1.22E-04	6.94E-05
C[C>T]T	1.01E-03	1.70E-05	6.00E-03	2.32E-04	1.13E-03	1.59E-04	1.25E-04	4.11E-05	3.98E-04	5.11E-04	1.79E-04
C[T>A]A	1.29E-05	3.82E-06	2.72E-05	0.00E+00	4.58E-05	4.32E-05	2.48E-05	1.19E-05	7.52E-05	1.11E-05	8.15E-06
C[T>A]C	2.10E-05	3.38E-06	1.70E-04	2.70E-05	1.62E-04	3.36E-05	2.92E-05	2.10E-05	7.11E-05	1.85E-05	6.03E-06
C[T>A]G	1.43E-05	6.13E-06	4.81E-06	2.21E-07	3.59E-05	4.42E-05	3.32E-05	1.60E-05	1.09E-04	1.18E-05	5.82E-06
C[T>A]T	4.17E-05	1.21E-05	8.81E-05	1.98E-05	3.57E-04	5.86E-05	3.19E-05	3.75E-05	9.34E-05	2.75E-05	1.24E-05
C[T>C]A	1.22E-05	1.59E-05	9.92E-05	5.40E-04	7.34E-05	3.34E-05	1.26E-04	3.22E-05	1.31E-04	1.68E-05	7.06E-06
C[T>C]C	8.68E-06	1.04E-05	2.38E-04	1.93E-04	5.17E-05	3.53E-05	8.71E-05	4.38E-05	6.09E-05	1.82E-05	5.92E-06
C[T>C]G	1.49E-05	1.68E-05	1.31E-05	1.12E-03	7.37E-05	3.99E-05	1.22E-04	5.48E-05	1.67E-04	2.11E-05	8.64E-06
C[T>C]T	1.07E-04	2.72E-06	5.70E-04	4.39E-04	3.66E-04	3.44E-05	1.17E-04	8.70E-05	1.05E-04	8.30E-06	1.19E-05
C[T>G]A	5.70E-06	7.08E-05	2.93E-05	4.28E-05	2.81E-05	2.18E-05	2.42E-05	1.52E-05	4.21E-05	4.42E-06	4.40E-06
C[T>G]C	4.77E-06	6.06E-06	2.82E-05	1.48E-04	8.88E-05	9.08E-06	2.94E-05	2.57E-05	2.89E-05	3.04E-06	5.32E-06
C[T>G]G	1.60E-05	2.26E-05	1.13E-04	2.07E-04	7.69E-05	2.00E-05	3.66E-05	2.44E-05	5.28E-05	1.70E-06	7.19E-06
C[T>G]T	2.42E-05	4.11E-05	4.61E-04	8.47E-05	4.08E-04	1.49E-05	1.35E-04	2.52E-04	1.75E-21	1.55E-05	8.74E-06
G[C>A]A	5.08E-06	7.14E-06	1.83E-04	5.06E-05	2.12E-05	1.20E-04	2.94E-05	1.79E-05	7.80E-05	9.36E-06	1.69E-05
G[C>A]C	2.77E-06	2.86E-05	7.71E-04	2.88E-04	0.00E+00	9.02E-05	2.09E-05	1.39E-05	7.49E-05	2.10E-05	1.36E-05
G[C>A]G	2.59E-07	1.81E-06	5.72E-05	1.67E-05	6.08E-07	3.71E-05	1.61E-05	4.02E-06	2.75E-05	4.67E-07	4.15E-06
G[C>A]T	3.01E-07	2.56E-04	3.63E-03	1.60E-03	0.00E+00	9.75E-05	3.86E-05	3.79E-05	1.07E-04	4.72E-05	2.76E-05
G[C>G]A	4.03E-06	2.47E-06	6.27E-05	1.97E-05	5.47E-06	1.98E-05	0.00E+00	7.37E-06	4.48E-05	7.96E-06	1.64E-05
G[C>G]C	5.83E-06	1.72E-06	4.63E-05	2.32E-05	1.57E-05	1.79E-05	1.39E-05	9.04E-06	3.65E-05	8.45E-06	1.17E-05
G[C>G]G	4.76E-06	0.00E+00	1.97E-05	5.32E-06	1.29E-05	1.01E-05	3.73E-06	2.60E-07	1.59E-05	2.22E-06	4.34E-06
G[C>G]T	7.86E-06	6.26E-06	3.82E-05	2.44E-05	3.04E-05	2.92E-05	2.14E-05	1.12E-05	4.79E-05	1.03E-05	2.10E-05
G[C>T]A	0.00E+00	1.07E-04	5.13E-03	1.10E-03	0.00E+00	4.67E-05	2.88E-04	3.05E-05	1.95E-04	2.42E-04	7.36E-05
G[C>T]C	2.31E-04	4.60E-04	5.77E-03	1.80E-03	4.82E-04	1.15E-04	2.60E-04	3.90E-06	2.62E-04	9.11E-04	2.75E-05
G[C>T]G	2.90E-06	8.43E-04	8.43E-03	8.67E-04	1.71E-05	1.06E-04	6.08E-04	7.69E-05	3.09E-04	8.88E-05	1.04E-04
G[C>T]T	4.04E-04	5.27E-04	4.88E-03	1.32E-03	4.53E-04	1.06E-04	1.75E-04	1.63E-05	2.19E-04	9.69E-04	8.33E-05
G[T>A]A	2.20E-05	2.90E-06	1.19E-05	0.00E+00	3.46E-05	2.30E-05	5.05E-05	2.32E-06	5.62E-05	1.20E-05	8.27E-06
G[T>A]C	1.25E-05	3.88E-06	4.13E-04	1.25E-04	2.69E-05	1.45E-05	4.68E-05	1.14E-05	4.17E-05	2.54E-05	5.51E-06
G[T>A]G	6.84E-06	0.00E+00	4.06E-05	4.64E-05	1.83E-05	2.58E-05	2.15E-05	1.03E-05	5.54E-05	9.59E-06	7.13E-06
G[T>A]T	2.58E-05	1.02E-05	9.40E-05	2.29E-05	1.20E-04	3.05E-05	1.82E-05	1.96E-05	5.41E-05	1.61E-05	9.26E-06
G[T>C]A	1.90E-05	5.96E-04	1.97E-03	3.46E-04	6.43E-06	3.33E-05	6.50E-04	4.81E-05	2.81E-04	7.57E-05	1.79E-05
G[T>C]C	9.34E-06	3.80E-04	1.87E-03	5.92E-04	1.09E-06	1.61E-05	1.03E-04	2.27E-05	9.54E-05	5.33E-05	1.29E-05
G[T>C]G	9.93E-06	1.56E-04	8.55E-04	1.65E-04	3.20E-05	2.69E-05	4.18E-04	3.62E-05	1.97E-04	3.39E-05	1.26E-05
G[T>C]T	6.13E-04	1.32E-04	1.30E-03	3.28E-04	1.56E-03	2.47E-05	4.54E-04	3.52E-05	1.80E-04	3.19E-05	2.67E-05
G[T>G]A	7.80E-06	4.73E-06	4.51E-05	4.35E-06	1.91E-05	1.63E-05	1.15E-05	7.21E-06	2.46E-05	2.27E-06	4.58E-06
G[T>G]C	4.70E-06	9.31E-06	2.13E-04	9.88E-05	1.39E-05	6.26E-06	1.38E-05	1.62E-05	1.74E-05	6.13E-06	3.58E-06
G[T>G]G	1.31E-04	9.07E-06	3.06E-04	1.33E-05	1.92E-04	2.21E-05	2.60E-05	1.75E-05	5.90E-05	0.00E+00	1.28E-05
G[T>G]T	3.44E-05	1.74E-05	3.89E-04	1.78E-04	9.00E-05	1.10E-05	4.46E-05	6.99E-05	4.72E-05	2.08E-06	3.38E-06
T[C>A]A	4.17E-05	7.57E-04	5.54E-04	7.38E-05	7.14E-05	7.82E-05	4.06E-05	2.50E-05	1.88E-04	1.27E-05	2.37E-04
T[C>A]C	2.53E-05	7.21E-05	3.49E-04	1.57E-04	7.48E-05	1.06E-04	9.64E-06	1.57E-05	1.01E-04	1.33E-05	1.03E-04
T[C>A]G	3.18E-06	1.40E-05	2.71E-05	2.15E-05	9.49E-06	2.28E-05	9.42E-06	5.13E-06	2.98E-05	1.17E-06	2.67E-05
T[C>A]T	8.23E-05	4.32E-03	6.95E-03	1.07E-03	0.00E+00	1.55E-04	0.00E+00	1.00E-04	6.31E-04	6.41E-05	1.10E-04
T[C>G]A	1.48E-05	0.00E+00	4.03E-05	1.32E-05	6.42E-05	1.34E-04	3.36E-05	1.79E-06	3.19E-04	0.00E+00	9.19E-04
T[C>G]C	1.71E-05	1.05E-06	9.21E-05	1.29E-05	4.85E-05	5.03E-05	6.39E-06	1.19E-05	8.72E-05	7.16E-06	2.62E-04
T[C>G]G	8.56E-06	1.10E-07	2.94E-05	1.48E-06	1.80E-05	1.42E-05	1.25E-06	4.29E-06	2.73E-05	2.87E-06	5.08E-05
T[C>G]T	2.05E-05	2.67E-06	9.24E-05	1.11E-04	1.30E-04	1.59E-04	8.38E-05	2.84E-05	3.96E-04	9.92E-06	1.20E-03
T[C>T]A	6.34E-03	9.50E-05	6.94E-04	2.19E-04	6.18E-03	2.23E-04	1.32E-04	1.06E-04	8.18E-04	1.05E-03	3.94E-04
T[C>T]C	1.51E-03	4.81E-04	2.28E-02	1.66E-05	8.07E-03	1.67E-04	3.73E-05	1.11E-04	5.34E-04	6.42E-04	2.45E-03
T[C>T]G	2.65E-04	4.16E-03	1.11E-02	1.24E-03	1.26E-03	0.00E+00	9.15E-05	5.82E-05	2.44E-05	0.00E+00	3.61E-04
T[C>T]T	1.67E-03	1.20E-03	4.78E-03	9.25E-05	2.64E-03	2.50E-04	2.74E-05	1.14E-04	4.97E-04	3.78E-04	1.58E-04
T[T>A]A	5.79E-05	7.08E-06	2.79E-04	3.35E-04	1.63E-04	5.85E-05	9.10E-05	2.40E-05	1.05E-04	7.85E-06	1.27E-05
T[T>A]C	4.12E-05	1.05E-05	9.30E-05	3.97E-05	2.27E-04	3.10E-05	2.28E-05	1.17E-05	6.09E-05	2.04E-05	5.18E-06
T[T>A]G	9.88E-06	1.57E-05	6.87E-05	4.38E-06	8.27E-05	3.50E-05	2.63E-05	1.10E-05	6.35E-05	6.81E-06	8.95E-06
T[T>A]T	1.48E-04	1.28E-04	4.34E-04	2.17E-04	1.83E-03	9.35E-05	6.78E-05	4.48E-05	1.87E-04	3.23E-05	1.71E-05
T[T>C]A	2.59E-04	9.64E-05	4.77E-04	1.73E-04	3.78E-04	3.74E-05	3.36E-04	3.69E-05	1.82E-04	1.63E-05	2.31E-05
T[T>C]C	3.11E-05	6.06E-05	6.46E-04	8.23E-05	1.03E-04	3.55E-32	8.36E-05	2.66E-05	1.05E-04	2.12E-05	7.76E-06
T[T>C]G	7.21E-05	6.93E-05	2.21E-04	4.41E-04	1.78E-04	3.12E-05	1.26E-04	2.67E-05	1.25E-04	1.46E-05	1.18E-05
T[T>C]T	6.89E-05	2.39E-04	3.60E-04	6.66E-04	6.02E-04	3.67E-05	1.30E-04	3.63E-05	1.64E-04	1.28E-05	1.33E-05
T[T>G]A	2.01E-05	2.55E-04	1.66E-04	0.00E+00	1.14E-04	1.23E-05	2.32E-05	1.90E-05	9.65E-05	5.34E-06	9.50E-06
T[T>G]C	1.18E-05	1.61E-05	3.29E-04	8.31E-06	1.43E-04	8.72E-06	1.92E-05	1.72E-05	4.45E-05	5.62E-06	4.90E-06
T[T>G]G	1.60E-05	1.58E-05	1.17E-04	9.76E-05	9.29E-05	2.86E-05	4.15E-05	1.97E-05	4.82E-05	5.01E-06	6.28E-06
T[T>G]T	1.49E-05	1.07E-03	3.97E-03	1.06E-04	5.50E-04	4.31E-05	1.60E-04	8.82E-05	1.30E-04	1.53E-05	2.42E-05
