MutationType	SBS96A	SBS96B	SBS96C	SBS96D	SBS96E	SBS96F	SBS96G	SBS96H	SBS96I	SBS96J	SBS96K	SBS96L
A[C>A]A	0.0015301302261650563	0.00022318535193335264	0.0012980009382590652	0.00020268228749046102	0.05802442274987698	0.0016149922995828093	0.0023150396859273315	0.0034394867671653628	0.001073392519610934	0.019417612683027982	0.0004155651545443106	0.0012134183628950267
A[C>A]C	0.0028659051842987535	0.0003832804728881456	0.0006170797458253218	0.003930437482194975	0.030150628313422204	1.0636857914893294e-05	0.0013361371762584894	0.0016115047968924046	0.0018434746121056378	0.01539654290303588	0.0007597961788997055	0.0005488876008894294
A[C>A]G	0.00018793837574776262	3.0238797319270815e-05	3.859179884102559e-05	3.275622501860198e-05	0.013720162902027369	3.297645889688283e-07	0.00015643210304915555	5.455366762362246e-05	7.519577548009693e-06	0.0023224613582715392	5.363578515243716e-05	0.0001304042492847657
A[C>A]T	0.012924945130944252	0.0004623565840302035	9.121673052732149e-06	0.01730491395108402	0.03684886232018471	0.0005936999281402677	0.00014316624248749576	0.0017473523295484484	0.002882410294841975	0.01440854486078024	0.0008000592555617913	0.00042848066717851905
A[C>G]A	0.00032843135355506095	0.00019320192899613175	0.000990076374146156	0.00047802845507249	0.013666075542569161	7.591564810355544e-05	0.001423247503116727	0.0006314258206111845	0.00294806886697188	0.015934734102338553	0.0003828717424767092	0.002421660297550261
A[C>G]C	0.00013626946703880095	0.00012680462896241806	0.0008688980099395849	0.00039726004597469	0.0049357653828337785	9.300593301035276e-05	0.0008108445059042423	0.0007233889680355787	0.0009737729781772942	0.009237832240760326	0.000264006617362611	0.0008517529477830977
A[C>G]G	2.5327465709779064e-06	3.426666435188963e-05	0.000473095597453721	1.6576023969037125e-05	0.002695364016108215	7.327921983232955e-05	4.626959089364391e-06	0.00011023291073797737	8.935816022130894e-05	0.003177168620750308	5.096321365613221e-05	0.0001804104533221107
A[C>G]T	0.00011932799825444817	0.00031422665080754086	0.0012566355106264381	0.00043992889652784845	0.00695538564119488	0.0008707311982288957	0.002102883867919445	0.001685016416013241	0.002324936524964869	0.01818304881453514	0.00047294175281422214	0.0023723288625478746
A[C>T]A	0.0004976776381954551	6.681402492487248e-05	0.0011866181041114033	0.026300247131439393	0.011996101755648851	0.00033748755747865295	0.007119559282436967	0.0019738914677873256	0.06731457397341728	0.023431804217398166	0.03159769114106894	0.005340253217145801
A[C>T]C	0.0029241478722542525	0.012859526965767145	0.02303667827276513	0.012984973306884058	0.0015627285989467054	0.015773779097944498	0.0015727990795858205	0.0011316315713338554	0.0127778778411448	0.0039809421240352095	0.112236847281456	7.841205966542475e-05
A[C>T]G	0.00521725304890424	8.652896573131995e-05	0.003912877651164309	0.039130398636916655	0.0018048151439870707	5.758241255534814e-05	0.0018369180522859127	0.005743694650009274	0.126056270301342	0.00898124675732106	0.008506048871204257	0.0023583253845572472
A[C>T]T	0.005824172552675009	0.006865228954702616	0.005970988498302176	0.014213521819619927	0.0030117329850327225	0.010979560678824782	0.00019713403382521478	0.0017258287663571537	0.015829368513077497	0.01627798890694976	0.08968961983919144	0.0011838591226842254
A[T>A]A	0.0006766367919044569	0.0021959469956345855	0.0034693603380583225	0.0009432880746317096	0.007020391332916915	0.009114757711067796	0.012058340199291705	4.7822418043415427e-05	2.150061169231776e-05	0.02686598267406225	0.0005126155911420937	0.00015931062007439322
A[T>A]C	9.284793894039467e-05	0.0009288755536545068	0.002739194105452921	0.005767753567779437	0.0022909337491728364	0.002010261071845889	0.010383337968960404	0.001523069255053997	0.0021075279847718774	0.009675999255850911	0.0003082593924773391	0.00023667429981287568
A[T>A]G	1.2556665537886147e-05	0.0006671865517273545	0.0013055738989351084	2.9289828198670875e-05	0.009741238970309495	0.002004257582593709	0.0027997348923236133	0.0004422275660908781	0.00027681721116096014	0.017445479035377503	0.0002771949578163912	0.00030188411008566615
A[T>A]T	0.005026413407176733	0.004113987707532942	0.013434448512271047	0.007474828832782805	0.0028091476345434786	0.024769395031034945	0.02922480188310146	0.005271642906591296	0.01693658484145999	0.017498568631708622	0.0	3.839000551124627e-06
A[T>C]A	0.005922591667622328	0.0006693014473421499	0.00582686583744362	0.007473511041607708	0.01565842339769006	0.00047981331270544205	0.06890341207385063	0.0019478175218682735	0.011661729365587235	0.0360549046844244	0.0018854025308974087	0.0012420176737941802
A[T>C]C	0.003877015677280724	0.00027084403729531913	0.003034153719199821	0.006533754225820303	0.0005001601585536264	0.00023911760661576408	0.023625138476490976	0.0034309028531424703	0.005490972441621124	0.009803548669442535	0.0008860541437752544	0.0001705811850115424
A[T>C]G	0.0018348003830760717	0.000231071653397521	0.0020087335363496097	0.001859233273426071	0.010007239580154419	0.0011246034491341561	0.06300323307514191	0.0009572327323257923	0.016579699767753482	0.016689680106937884	0.0008228521287674084	0.0003879159819916822
A[T>C]T	0.007072176560759544	0.0006207553822605405	0.007334323404356837	0.0028685682130162606	0.002933253396768123	0.003237051705364138	0.030989182218909263	0.005134547492489218	0.0017292080871993676	0.03341880086809397	0.0016056056157685817	0.0007958421274088323
A[T>G]A	0.00407124996650964	0.0006502390751847997	0.0018515805539209395	0.0005839909613132477	0.00043351266082026997	0.002509732253383845	0.002290704231709242	0.003222232669359073	3.6735900047801805e-06	0.010943783931434154	0.0002060585039725993	0.00014410740881430682
A[T>G]C	0.003773711011745036	0.00030937534349504857	0.0016092731594108045	0.0019652416929602625	0.00010130089840458823	0.0011621111806016415	0.0031320081185549496	0.005243161492981017	0.00023230074144521497	0.002183791244169697	5.88764155509125e-05	9.271416343835881e-05
A[T>G]G	0.0017543239519000053	0.00031373642668768297	0.0041728989128023385	0.000807614711811766	0.0010732424631714821	0.00046107869697152636	0.0022482384275645017	0.0024135884083807467	0.0003296079669962637	0.008185063833370804	7.135682280932088e-05	0.00011750339712307323
A[T>G]T	0.030701847299933433	0.000255341353622498	0.003450269234017469	0.005396755980327726	0.00025941023879568094	0.0016778460226487368	0.005431878985837102	0.05479623280465603	0.00023039795574732126	0.004148591319099068	0.00017321265404461882	0.00012009615587885492
C[C>A]A	0.0026874183397740128	0.000330127424094826	0.007471158192493022	0.008329602628946305	0.07883204132318497	0.0024469135595109035	0.0057128217164427045	0.0015092501509934664	0.007543950052931905	0.008464538771659137	0.0002660730765092012	0.0014799556392244995
C[C>A]C	0.00022528685844008578	0.00025840079921181315	0.000991607957839733	0.007784218236338347	0.062389026433229446	0.00197261601453647	0.010862602759152651	6.343196439956956e-05	0.018400398083031178	0.0052714353380724785	0.0005654769763350487	0.0007827321084914729
C[C>A]G	7.366547344645369e-05	3.7367032890163185e-05	0.0008201292945886962	0.001035042511211941	0.017647344172000885	0.0006915878836298361	0.003147414899431169	2.2076926511545026e-05	0.00258453831076622	7.127602686523459e-05	1.0830667943082517e-05	0.00020278559022699483
C[C>A]T	0.012850268520414829	0.0002452598198016176	0.0018975748587400849	0.09389527842402458	0.06093867175281048	0.008474682280793787	0.017376249991357326	9.97700919106137e-05	0.05248635046184063	0.0	0.0003213301702635363	0.00034940712543175324
C[C>G]A	3.861984173454402e-06	3.446439423831956e-05	0.0006059827692661201	9.252698175259865e-05	0.010513212233781814	0.0003033583251799793	0.0	0.000618587798671797	8.67070775711909e-07	0.009797714054584503	0.0001405888922727172	0.003592667910270393
C[C>G]C	8.494970393257973e-07	9.863681705610361e-05	0.00047469903496676123	8.475960852592834e-05	0.008475903803482652	0.0010163980652578176	0.0	0.0004412371033686213	2.336374228434579e-05	0.008909525396302343	0.00016012938431231305	0.0007013170066056773
C[C>G]G	9.363015124108643e-08	6.061166014660557e-05	0.0006466408953474456	2.107845980390266e-06	0.0036722704907879234	0.0002471915331625496	1.0101939096784918e-05	9.348767507617595e-06	9.372969961987109e-05	0.003052686513401568	0.0	0.000901019306620583
C[C>G]T	5.129099627083633e-06	6.581937997029996e-05	0.0007677509863060549	0.0002346192170358563	0.008551275320351125	0.002543329524341971	3.432756202528253e-06	0.0012613779678940773	5.77747339519874e-05	0.01393375961109996	0.00019947471606428734	0.003976282048970461
C[C>T]A	0.0	0.045281437560915946	0.06388318249606527	0.0010004914012097577	0.013872586283832788	0.08300169631838798	0.0020700375095475463	0.001052201120182872	0.005773256123065948	0.0189365815743804	0.024825645498931407	0.005334836505353451
C[C>T]C	3.19199415571348e-05	0.030405011586844922	0.11679085180396215	0.0004369233368197456	0.0066115686669945715	0.10914521485567093	0.0025129398742865304	0.00010107214759408123	0.0029446386671043	0.0003534062020480634	0.12225248277187348	4.515592940151691e-05
C[C>T]G	0.0010759367584250868	0.0036392019991762937	0.013123693286324851	0.014548534816130996	0.0026821152248885484	0.016438111793249846	0.005235017822124064	0.003815623479895294	0.09096370980143548	0.007653624815866351	0.004127332465723157	0.0028945417329669
C[C>T]T	0.0010569404251873492	0.041567021198570725	0.06825527424924076	0.002443409684346989	0.01260992158204317	0.11751986131072044	0.0021513833614881153	7.312914978683693e-05	0.0037948284624144436	0.018595773689448834	0.09421048164367676	0.0005515329912304879
C[T>A]A	0.00010594405728625133	0.0002876825793646276	0.00038840650099245975	2.6148257863951584e-05	0.012506900485605002	0.0015868717792909591	0.0013859364052768797	0.0005728641373571008	0.0	0.01785836774855852	0.00028389950555720135	0.0002722645754693076
C[T>A]C	1.0044595383078558e-05	0.00029407517755316806	0.00022518648358527571	0.001975733611616338	0.007451560059562326	0.004457305236719548	0.004319185214117169	0.010164079964160919	0.0025767586845904587	0.01672563696280122	0.0002938204062229488	0.0001052763826737646
C[T>A]G	7.71982870719512e-05	0.00023281074918486412	0.000119136894481926	4.7636272201998506e-05	0.024777311496436596	0.0004037587383936625	0.0016409863159060477	0.003052131114527583	0.0	0.019098740704357624	0.0004104342022037599	0.00014066724590520608
C[T>A]T	0.0003222903743153438	0.0007174348016269505	5.289561453537317e-05	0.0010515604521788191	0.009427371937781572	0.010066191432997584	0.00021862296711333386	0.03170153699815273	0.0010852215019986034	0.023786511272192	0.0004049783113737249	0.00011241299376706593
C[T>C]A	0.00016442324090348848	0.0006471456936560571	0.002447912658099085	0.0005209850263781845	0.007541701449081301	0.003009122172370553	0.04460107788443565	0.006972858570516109	0.007049132455140352	0.013652210347354412	0.00041329148138174787	0.0001276498923471081
C[T>C]C	0.0003565768210683018	0.00039809160138247533	0.0018315545510267839	0.004129727720282972	0.0010643134891870432	0.0012331590347457676	0.024491056948900223	0.03529712364077568	0.00697506264783442	0.01119428789243102	0.0007409905095119029	4.6454007436409486e-05
C[T>C]G	6.940591523743933e-05	0.00028347282801405527	0.0007630869254717254	0.00030315396710663134	0.006452514063566923	0.00118976172641851	0.06309907503426075	0.021849119663238527	0.019699351228773594	0.003273468259430956	0.0003637828260252718	0.00012209265382807645
C[T>C]T	2.9315456049516797e-06	0.0026668811426497994	0.006968434419686673	0.00043436202453449367	0.002440829030238092	0.016732079684734346	0.03742279015481472	0.10644305199384689	0.005149244309868664	0.013200827110558748	6.920147236087359e-05	7.181934128311696e-05
C[T>G]A	0.004015039396472275	0.00011913347298104781	0.001258027359144772	0.0007187859526311513	0.00030508581368394517	0.000841519323294051	0.001548395841382444	0.0033149517001584174	0.0007980225453502499	0.008022067910060287	3.182644019034342e-05	8.004448474821402e-05
C[T>G]C	0.0006137872161343694	1.1841895829398652e-05	0.0015245959369349293	0.0013123260356951506	0.0003749064530711621	0.003099627015180886	0.0074613132979720834	0.02161363612860441	0.0036056112544611096	0.00278665475663729	2.629081193570304e-05	0.00010631766439473722
C[T>G]G	0.0019231696985661983	5.121838767081499e-05	0.003541994522092864	0.0014404843862212146	0.0028411140432581306	0.0026283058407716455	0.008654215279966593	0.010402651913464069	0.004354040301404893	0.008030877327546477	1.3587904122687178e-05	0.00011031263646145817
C[T>G]T	0.011012768149375915	0.0004283447250520567	0.004671714528690399	0.006664460035972297	0.0012714717557537369	0.003960919413348556	0.005383719140663743	0.3112277591228485	0.0021924678183859216	0.000395064044278115	0.00012857858379123385	0.00017577863720362076
G[C>A]A	0.0014506547315977514	3.4941468939717654e-05	0.0010953278877423144	0.0029273769026622177	0.041752331033349036	0.0005018057953566313	0.0012963074271101504	0.004557044263929128	0.0043231512978672984	0.008806420816108584	0.0002321324884906062	0.0008489200042095035
G[C>A]C	0.0014214990427717567	1.385850270253286e-05	0.0009244054951705039	0.009640070050954819	0.031463288106024265	0.0	0.001477382166776806	0.0010192518157418817	0.0033312155050225557	0.007095053475350142	0.00039140560664236546	0.0005459613201674074
G[C>A]G	1.3353163176361704e-05	2.698274579415738e-07	0.00013438553943615262	0.0006711191975045949	0.012609046529978513	2.900119125115452e-07	0.0009117669134866447	0.00012087255141523202	0.00042238924390403554	0.0009598062088480219	1.249316219400498e-06	9.923724355758168e-05
G[C>A]T	0.008846693709492683	2.9276112854859092e-06	0.001537711601704359	0.04435371516970918	0.026322572454810143	3.876361297443509e-06	6.911203701747581e-05	0.002771324005443603	0.010647089128615334	0.006438265452161431	0.0002633344404023319	0.00044843332492746415
G[C>G]A	0.000230043749907054	5.7269193625870684e-05	0.000268174893478772	0.0009082775167189538	0.008339209724217653	0.0	0.0	0.00023276718977285782	0.0004968494275817648	0.007155122086405754	0.0001257126325799618	0.000917801164323464
G[C>G]C	0.00011109126422525151	0.00014694249737658537	0.0007520434238540474	0.0008696480008075014	0.0064893259294331075	0.0003446629404788837	0.0017434200225397945	0.0005448083416558802	0.0014434645860455931	0.008136906456202268	0.00022300618380540982	0.0005552963656373322
G[C>G]G	5.631628326341342e-08	1.4507878959193476e-05	0.00026144996721995996	5.134279969070121e-06	0.0034981999918818475	0.000129502226736804	3.8045777946535965e-05	1.5253653509716968e-06	9.288548462791369e-05	0.0015291925170458852	2.15979883523687e-05	0.0001291174508514814
G[C>G]T	0.00023524267991888336	0.00014395997146493755	0.0007948919859381937	0.0008329447540108959	0.0046556041482836005	0.0006954629434039817	0.00048268308222759515	0.0005569828691659495	0.0011996357725001872	0.011660526152700185	0.000291330250329338	0.0016087741614319384
G[C>T]A	0.0008894173593580489	0.0	0.002784627601504326	0.05762448716443032	0.004520630706101656	0.0	0.0012395788154287895	0.0003606078054144746	0.05969520919024944	0.017429016828536988	0.02825039591640234	0.0051418964378535745
G[C>T]C	0.00894741885829717	0.008323839334771037	0.02193846896290779	0.08280845520086587	0.00014872347407381722	0.007827523835003377	0.01050296176224947	6.154777718620608e-05	0.058404923528432844	0.0017860846316449753	0.11079906299710274	0.000630142196896486
G[C>T]G	0.010501834356982726	1.2128605170402436e-05	0.012339466437006195	0.10289707681164145	0.0003187006316147745	3.110058343239075e-05	0.007258374518714845	0.003967323102988303	0.14872867301106452	0.00408723859116435	0.006593083497136831	0.001723018327029422
G[C>T]T	0.014039668524637818	0.01787815334275365	0.008606420721542492	0.06389580765739084	0.0009061605355236681	0.009995352343539708	0.0056700883340090515	0.00010984703639280725	0.038650685474276546	0.012901040352880954	0.07788471907377242	0.00026494486111914737
G[T>A]A	3.1816407963560776e-05	0.0006173941039014607	0.00031591908407929535	0.00011326799896778539	0.008525439631193876	0.0008445876732002944	0.0037247130344621837	2.0020559031763695e-05	0.0	0.011470607314258814	0.0001558216321427608	3.761533434044395e-05
G[T>A]C	2.742840074461128e-05	0.0003030118008609861	0.0011369134478486297	0.0049439544245251455	0.0027669735345989465	0.0006847663962980732	0.005545796751976013	0.0025475422851741316	0.0007003730338692549	0.005404182784259319	0.00026720492984168233	5.1333463711671354e-05
G[T>A]G	0.0	0.00038756759255193174	0.0005768737336620688	3.672608290798962e-06	0.01165987215936184	2.3882649766164833e-05	0.004459676132537425	0.000649106150958687	0.0004080261889612302	0.010895504169166088	0.0001586529886117205	0.00012842854612244993
G[T>A]T	0.0003442910668672994	0.0006544529984239489	0.0007560957689929637	0.001429679314733221	0.004389608597848565	0.004587964206002652	0.003560949950478971	0.006246551098302007	0.001673750220797956	0.01279233280569315	0.00027592884784098713	0.00015753958502500608
G[T>C]A	0.007781755104660988	0.0001832427264889702	0.010885669581502952	0.026297761891037226	0.004267724840901792	1.2460053965538202e-05	0.07888071753084659	0.0009476238361094146	0.009198666452430188	0.008850446180440485	0.0019348695874214171	0.0002592416859988589
G[T>C]C	0.008501069410704077	0.00015980976168066262	0.0076904668902003205	0.027229522094130515	0.00014135947734757791	1.2935719860251992e-06	0.022287085838615894	0.007179111181758344	0.0065001030685380105	0.005606964955804869	0.0010855688562151045	0.00012637614325740289
G[T>C]G	0.0019379644089349312	0.00012653056162889698	0.004821162440348417	0.01321002903394401	0.0033827572222799064	0.00010291481288735382	0.060553941726684574	0.00437363344244659	0.010085553210228682	0.00510615887818858	0.0006281638733344153	0.00017105144299421228
G[T>C]T	0.015264540165662765	0.0018668941594660283	0.03355996945872903	0.015742915719747543	0.00046909044482163154	0.00500529894605279	0.05158809065818787	0.009238206706941128	0.0013147507607936858	0.013137594880536198	7.473709592886734e-06	0.0002465781115461141
G[T>G]A	0.0010988881322555244	8.69458321176353e-05	0.0010004397359443828	0.000697439272335032	0.0003755838952201884	0.0005132381478324533	0.0011915859952569008	0.0011070094525348394	6.00452216258418e-05	0.004690477536059916	1.3307449212334177e-05	0.00010032005193352233
G[T>G]C	0.0015812231483869255	0.00013548773073125632	0.0014124050490045192	0.003662631786428392	0.00017509914861875585	0.0005880103787058033	0.0014362540456932039	0.005462891552597284	0.0006895730171527247	0.0018526680895593018	4.548367933506681e-05	4.560004726954503e-05
G[T>G]G	0.0006806655426044017	0.00041191093856468797	0.006376031618565321	0.0023334971407894044	0.001729793248232454	0.0004795222054235637	0.002370923061389476	0.0031994704622775316	0.0012680702679790557	0.007389231054112315	0.0	0.000356300390267279
G[T>G]T	0.002918967721052468	0.0009810131671838462	0.007802701580803841	0.010242040073499083	9.495843296463136e-05	0.004576821145601571	0.005852340422570705	0.0782224652171135	0.003113030905369669	0.0025706569012254477	6.731827305941352e-06	1.1220787828278844e-05
T[C>A]A	0.05332779221236706	0.00020193590356940285	0.003073268188163638	0.002283523278310895	0.04681907027959824	0.0024493399006314575	0.0009378504776395857	0.0017979984218254685	0.0014554736809805036	0.016131244096904994	0.00015898275382824066	0.03274957966059446
T[C>A]C	0.007184352157637477	0.0008294773544184863	0.0023525349388364702	0.007193394838832318	0.04687179915606975	0.0048360842186957595	6.186752633766446e-05	0.0012759647378697992	0.002681976365856826	0.012158576734364032	0.0007725007273256778	0.012157867569476366
T[C>A]G	0.00126296455739066	3.555891714768222e-05	0.00018217467881186165	0.00014139804639853537	0.008676775936037303	0.00019821205707557966	0.0003253889885672834	0.0002154495075228624	0.0004219473441480659	0.0017339380085468292	3.6513024663520353e-06	0.002101661115884781
T[C>A]T	0.39103518962860107	0.00043571580537900447	0.01215719163417816	0.06158408246934414	0.052878014743328094	0.0	0.0	0.0005475469169480544	0.003896005134592997	0.0068405506992712615	0.00025349630959681235	0.0142407938092947
T[C>G]A	1.048603394337988e-06	4.392570823263123e-05	0.00038364505217032335	3.6800001689698545e-05	0.008649713667109609	0.00012581465581992246	7.943590377180953e-05	5.531004358090322e-05	5.518662048253714e-05	0.005306115029379725	0.0	0.17925769507884978
T[C>G]C	7.4143191250186645e-06	0.00010160730332115802	0.001352034436131362	0.00016318704660079676	0.00898035902529955	0.0018102513975463807	1.7689746964606457e-05	0.0005994378571631387	9.559407047163404e-05	0.011738408021628857	0.00033278916642302646	0.037392646297812464
T[C>G]G	5.592640644636049e-07	5.3343875949281026e-05	0.0003234874619920447	6.481992295448436e-06	0.0020945226936601104	7.92613998419256e-05	1.9409429842198732e-06	5.266834691610711e-05	9.131471030059401e-06	0.002003421797417104	1.727099853269465e-05	0.007351808287203312
T[C>G]T	2.1912718559633503e-05	0.0003234884269477334	0.0012708138683228754	0.00015221998590277507	0.009841183368116617	0.0045028876606374975	0.002045342994388193	0.0020748775196261704	0.0012333912128815428	0.014889820758253337	8.856655527928581e-05	0.21268614053726195
T[C>T]A	0.0021730709495022893	0.26951930671930313	0.0020452235825359822	0.006353978181141429	0.00039154576516013255	0.08594012277289888	0.0011162553825515844	0.0004758339633066249	0.007014403296634555	0.0020671530538983202	0.022840760387480258	0.27304190456867217
T[C>T]C	0.01018748663365841	0.34302540302276613	0.25638351892121136	0.005468498459085824	0.0014428716548718513	0.02011219535022974	0.0002512404054868966	0.00019168718380569772	8.659527171403169e-05	0.002550548489655321	0.12560792043805122	0.012244305424887436
T[C>T]G	0.061037089712917804	0.06819468438625335	0.07275693379342556	0.06351066063158214	0.0	0.03656105577945709	0.0004732896618952509	0.0007012931255928834	0.04486193221062422	0.0	2.182344032917172e-06	0.01979326896369457
T[C>T]T	0.03570222642272711	0.11787746652960777	0.06184430262073874	0.02078814164765638	0.0017760785443082091	0.15945083871483803	0.00030363248426984875	0.0022538105642888693	0.0005252899986359548	0.001423675961142179	0.11566251412034034	0.13679745823144912
T[T>A]A	0.0014296437241137028	0.00019015753957329996	0.005052189000416547	0.0009322385024279356	0.007576303463429213	0.008848334932699799	0.010722265653312206	0.0030975666688755153	0.006690468336455524	0.026007272563874723	6.562580274476204e-05	0.00036892528616590427
T[T>A]C	0.0005444526131032035	0.0005121549867908471	0.0009433930111481459	0.0016423532069893554	0.0026464566285721958	0.009442755337804556	0.002410633279941976	0.002836299925111234	0.00023128584107325877	0.012640022896230221	0.00024243114836281166	1.6377960482714114e-05
T[T>A]G	0.0006607947626616806	3.1482682809162904e-05	0.0008093284064671025	1.3904105003348377e-05	0.008030773606151342	0.0038298721751198173	0.0018090402684174478	0.0009397179307416081	5.0401054613757875e-06	0.012701238468289376	0.0002318814690806903	0.0002210630830086302
T[T>A]T	0.005418699681758881	0.0024463114887475967	0.005095279075528385	0.0010798672836972402	0.0028251695539802313	0.06929615005850792	0.00702470033429563	0.01114399941638112	0.00292323057889007	0.025690779089927673	8.511051703691807e-05	5.12331620848272e-05
T[T>C]A	0.006438908651471138	0.0012617147114360756	0.016376474238932133	0.008899389812722803	0.0038929548021405937	0.01066095793619752	0.0492070634663105	0.006856465749442577	0.005853839758783579	0.020184325836598873	8.979934986200533e-05	0.00033003095566527915
T[T>C]C	0.0068805185053497555	0.000752663696766831	0.007418400589376688	0.012006806945428251	7.604499711305835e-05	0.006504700938239694	0.028995436765253544	0.009901936119422316	0.008597736908122898	0.009153802068904043	0.0004951874224934727	0.00011042152400477789
T[T>C]G	0.003858741302974522	0.00023488646722398697	0.00516240740485955	0.002193816200597212	0.00369052690686658	0.0042835241137072445	0.03485614575445652	0.004980889987200499	0.010119936587288976	0.006826135143637657	0.00013701340912462002	0.00017777429486159235
T[T>C]T	0.011541211120784283	0.0002307364386004828	0.0077863890258595345	0.002170521816733526	0.00018589290066061868	0.027161207795143128	0.053122082352638246	0.015245764534920454	0.0108460483700037	0.015901584075763822	0.0004993453464703635	0.0004072412842651829
T[T>G]A	0.0170194130577147	5.890826898923507e-05	0.0029395838209893554	0.001361119985813275	5.26339489442762e-05	0.005757089424878359	0.0006862632060074248	0.005397459212690592	0.0	0.013424003217369317	3.674464179312053e-05	0.0002505137980915606
T[T>G]C	0.007970396718010307	1.1989890645800472e-05	0.002512551408726722	0.0029101162927690893	2.261293220749587e-05	0.006467576948925853	0.0014477980381343513	0.00861972626298666	1.1843154934467748e-05	0.0052035675430670385	0.0001324365686332385	5.381322420362267e-05
T[T>G]G	0.0028486441075801848	5.020499113015831e-05	0.0026013612630777063	0.001110199079848826	0.0019990851264446974	0.004708656999282539	0.0029683539364486933	0.00493837189860642	0.0014377397554926575	0.010280034374445676	9.153713392151986e-05	0.00013387807346589397
T[T>G]T	0.15253204673528672	0.0	0.011988656998161684	0.01900834917614702	0.00012623572233670162	0.017742171734571457	0.006577294943854213	0.10561503738164901	0.0006244473652623625	0.010663112848997116	0.00019797129825747107	0.0002944340391332354
