MutationType	SBS96A	SBS96B	SBS96C	SBS96D	SBS96E	SBS96F	SBS96G	SBS96H	SBS96I	SBS96J	SBS96K	SBS96L
A[C>A]A	3.61E-05	1.60E-05	1.46E-04	4.81E-05	1.45E-04	4.14E-05	4.71E-05	4.03E-05	6.47E-05	3.53E-04	1.51E-05	2.09E-05
A[C>A]C	8.43E-06	1.17E-05	1.76E-04	1.16E-04	5.42E-05	4.57E-06	2.96E-05	2.44E-05	5.97E-05	1.98E-04	1.65E-05	1.16E-05
A[C>A]G	9.16E-06	2.37E-06	1.09E-05	5.04E-06	6.03E-05	3.30E-07	1.04E-05	5.94E-06	4.13E-06	7.72E-05	5.35E-06	6.08E-06
A[C>A]T	3.72E-04	1.25E-05	3.99E-06	1.56E-03	1.40E-04	2.99E-05	4.84E-05	2.72E-05	4.84E-04	2.38E-04	4.99E-05	1.60E-05
A[C>G]A	1.02E-05	9.66E-06	2.85E-04	1.69E-04	9.13E-05	1.56E-05	5.67E-05	2.54E-05	8.76E-05	1.13E-04	1.30E-05	2.85E-05
A[C>G]C	4.11E-06	8.50E-06	1.88E-04	1.31E-04	5.16E-05	1.83E-05	1.77E-05	1.82E-05	2.53E-05	4.77E-05	7.70E-06	1.77E-05
A[C>G]G	6.43E-07	8.83E-06	3.13E-05	9.49E-06	2.86E-05	1.66E-05	1.82E-06	6.02E-06	4.48E-06	4.06E-05	3.53E-06	7.25E-06
A[C>G]T	7.61E-06	9.29E-06	4.29E-04	2.77E-04	1.11E-04	2.90E-05	4.40E-05	3.20E-05	8.08E-05	8.95E-05	1.48E-05	2.95E-05
A[C>T]A	1.00E-04	1.64E-05	3.18E-04	2.31E-03	1.42E-04	3.59E-05	3.60E-04	4.97E-05	4.90E-04	1.83E-04	1.89E-04	6.75E-05
A[C>T]C	7.45E-05	3.67E-04	1.54E-03	1.11E-03	9.50E-05	3.83E-04	8.58E-05	3.49E-05	2.26E-04	2.27E-04	3.01E-04	2.27E-05
A[C>T]G	1.33E-04	2.19E-05	9.07E-04	2.62E-03	8.97E-05	2.15E-05	3.74E-04	1.26E-04	1.38E-03	2.20E-04	8.44E-05	6.04E-05
A[C>T]T	1.39E-04	3.95E-05	3.56E-04	1.19E-03	1.27E-04	2.00E-04	7.25E-05	3.85E-05	2.18E-04	2.38E-04	2.54E-04	2.82E-05
A[T>A]A	2.59E-05	3.52E-05	5.90E-04	7.04E-05	2.19E-04	1.44E-04	2.32E-04	3.19E-05	5.60E-06	1.83E-04	3.96E-05	1.89E-05
A[T>A]C	6.06E-06	2.71E-05	1.04E-03	4.99E-04	3.50E-05	6.29E-05	3.46E-04	3.55E-05	8.60E-05	1.58E-04	2.10E-05	1.02E-05
A[T>A]G	2.15E-06	1.17E-05	1.16E-04	6.72E-06	1.36E-04	3.20E-05	3.64E-05	2.45E-05	2.94E-05	1.47E-04	1.24E-05	1.06E-05
A[T>A]T	6.70E-05	1.33E-04	7.87E-04	6.77E-04	5.02E-05	2.27E-04	8.46E-05	8.34E-05	3.20E-04	3.45E-04	0.00E+00	1.88E-06
A[T>C]A	3.24E-04	1.55E-05	1.08E-03	9.67E-04	3.30E-04	8.27E-05	3.63E-04	8.06E-05	5.90E-04	2.19E-04	3.52E-05	2.15E-05
A[T>C]C	2.38E-05	7.72E-06	7.09E-04	3.89E-04	3.09E-05	2.92E-05	8.86E-05	6.41E-05	1.25E-04	1.99E-04	1.60E-05	8.56E-06
A[T>C]G	4.47E-05	1.29E-05	4.02E-04	2.76E-04	1.13E-04	5.55E-05	5.84E-04	6.71E-05	7.50E-04	1.56E-04	2.01E-05	1.58E-05
A[T>C]T	1.51E-04	8.67E-05	6.93E-04	6.42E-04	1.75E-04	1.80E-04	1.66E-04	4.96E-05	1.68E-04	2.84E-04	2.45E-05	1.94E-05
A[T>G]A	9.09E-05	1.21E-05	4.54E-04	4.09E-04	4.45E-05	3.88E-05	3.33E-05	5.69E-05	2.32E-06	1.48E-04	8.17E-06	7.77E-06
A[T>G]C	9.41E-05	1.52E-05	3.01E-04	2.97E-04	9.59E-06	2.92E-05	3.14E-05	4.84E-05	4.11E-05	6.05E-05	3.79E-06	5.07E-06
A[T>G]G	4.65E-05	7.13E-05	4.06E-04	3.43E-04	4.25E-05	1.27E-04	2.95E-05	5.07E-05	1.75E-05	8.46E-05	7.87E-06	6.73E-06
A[T>G]T	7.05E-04	2.87E-05	9.62E-04	1.07E-03	1.75E-05	6.23E-05	6.58E-05	1.03E-04	5.58E-05	9.68E-05	8.59E-06	8.83E-06
C[C>A]A	7.36E-05	8.92E-05	4.01E-04	5.55E-04	6.66E-04	4.13E-04	6.61E-05	4.35E-05	1.05E-04	1.67E-04	2.61E-05	2.76E-05
C[C>A]C	3.79E-05	1.08E-05	2.76E-04	5.40E-04	4.81E-04	4.31E-05	1.26E-04	1.42E-05	1.88E-04	1.06E-04	1.53E-05	2.04E-05
C[C>A]G	1.01E-05	9.88E-06	6.31E-05	7.07E-05	1.59E-04	2.83E-05	2.33E-05	4.30E-06	5.01E-05	1.38E-05	3.06E-06	6.00E-06
C[C>A]T	6.14E-04	3.35E-05	3.41E-04	8.07E-03	7.01E-04	1.52E-04	4.74E-04	2.58E-05	1.96E-03	0.00E+00	6.48E-05	5.16E-05
C[C>G]A	5.79E-07	6.25E-06	1.07E-04	5.78E-05	6.22E-05	2.21E-05	0.00E+00	1.51E-05	8.67E-07	1.05E-04	7.38E-06	3.35E-05
C[C>G]C	2.41E-07	6.68E-06	1.00E-04	5.37E-05	6.20E-05	2.05E-05	0.00E+00	1.29E-05	4.13E-06	9.23E-05	7.24E-06	1.33E-05
C[C>G]G	9.36E-08	1.29E-05	4.49E-05	6.49E-07	3.21E-05	2.88E-05	3.09E-06	3.56E-06	6.14E-06	5.86E-05	0.00E+00	1.89E-05
C[C>G]T	9.46E-07	6.80E-06	2.52E-04	1.53E-04	8.25E-05	4.83E-05	2.56E-06	2.42E-05	8.31E-06	8.24E-05	9.79E-06	3.60E-05
C[C>T]A	0.00E+00	6.43E-04	4.56E-03	2.73E-04	8.55E-05	7.74E-04	1.67E-04	4.41E-05	2.33E-04	2.17E-04	2.60E-04	2.23E-04
C[C>T]C	8.39E-06	2.24E-03	8.62E-03	1.12E-04	2.75E-04	2.57E-03	1.35E-04	3.60E-05	2.56E-04	1.62E-04	7.43E-04	4.52E-05
C[C>T]G	1.02E-04	1.81E-04	4.23E-04	1.51E-03	7.50E-05	2.36E-04	2.96E-04	9.77E-05	1.38E-03	1.77E-04	9.36E-05	5.16E-05
C[C>T]T	2.15E-05	7.82E-04	4.84E-03	1.53E-04	1.60E-04	8.31E-04	1.23E-04	2.58E-05	2.08E-04	1.91E-04	3.88E-04	1.49E-04
C[T>A]A	5.26E-06	9.23E-06	7.06E-05	3.93E-06	1.39E-04	3.75E-05	3.49E-05	2.67E-05	0.00E+00	1.79E-04	1.35E-05	8.91E-06
C[T>A]C	2.76E-06	1.74E-05	1.59E-04	1.57E-04	1.19E-04	1.31E-04	5.04E-05	6.90E-05	2.56E-05	1.22E-04	1.76E-05	6.86E-06
C[T>A]G	7.83E-06	1.16E-05	8.97E-05	6.80E-06	1.29E-04	3.02E-05	3.52E-05	3.45E-05	0.00E+00	2.82E-04	1.71E-05	6.83E-06
C[T>A]T	1.48E-05	3.38E-05	5.12E-05	8.18E-05	2.20E-04	2.75E-04	3.65E-05	1.62E-04	2.49E-05	2.34E-04	2.17E-05	1.18E-05
C[T>C]A	1.78E-05	1.40E-05	4.15E-04	1.84E-04	1.02E-04	4.25E-05	2.48E-04	4.65E-05	4.79E-04	1.14E-04	1.56E-05	8.07E-06
C[T>C]C	1.03E-05	9.85E-06	4.82E-04	4.06E-04	6.13E-05	3.86E-05	1.54E-04	8.93E-05	1.79E-04	1.17E-04	1.29E-05	5.48E-06
C[T>C]G	1.87E-05	1.70E-05	3.33E-04	2.05E-04	6.57E-05	3.66E-05	6.15E-04	1.03E-04	9.47E-04	2.11E-04	1.61E-05	8.89E-06
C[T>C]T	2.93E-06	8.39E-05	4.60E-04	2.34E-04	1.22E-04	1.99E-04	2.15E-04	4.41E-04	3.82E-04	1.72E-04	1.05E-05	1.14E-05
C[T>G]A	8.94E-05	5.68E-06	5.37E-04	4.73E-04	3.51E-05	2.27E-05	2.41E-05	7.89E-05	3.46E-05	1.26E-04	4.36E-06	4.64E-06
C[T>G]C	9.36E-06	3.58E-06	5.22E-04	4.45E-04	1.64E-05	7.10E-05	5.20E-05	4.43E-05	1.24E-04	8.72E-05	3.59E-06	5.29E-06
C[T>G]G	4.08E-05	1.39E-05	1.08E-03	8.46E-04	5.67E-05	6.82E-05	1.01E-04	1.42E-04	1.71E-04	2.29E-04	3.16E-06	6.96E-06
C[T>G]T	5.61E-05	3.04E-05	1.80E-03	2.11E-03	4.01E-05	3.17E-04	2.18E-04	7.77E-04	1.36E-04	1.60E-04	1.37E-05	9.95E-06
G[C>A]A	7.52E-06	4.84E-06	2.35E-04	5.98E-05	2.24E-04	1.90E-05	3.69E-05	1.83E-05	4.45E-05	1.43E-04	1.04E-05	1.63E-05
G[C>A]C	3.32E-05	2.08E-06	3.17E-04	6.58E-04	1.70E-04	0.00E+00	5.17E-05	1.54E-05	2.41E-04	1.02E-04	1.78E-05	1.51E-05
G[C>A]G	2.31E-06	1.91E-07	6.68E-05	4.59E-05	8.11E-05	2.06E-07	2.16E-05	4.72E-06	1.76E-05	4.42E-05	5.78E-07	4.41E-06
G[C>A]T	3.19E-04	1.32E-06	4.68E-04	3.62E-03	2.05E-04	2.71E-06	3.34E-05	3.93E-05	1.33E-03	1.28E-04	4.32E-05	2.88E-05
G[C>G]A	3.95E-06	3.49E-06	1.15E-04	6.01E-05	3.48E-05	0.00E+00	0.00E+00	1.04E-05	1.94E-05	6.66E-05	7.68E-06	1.60E-05
G[C>G]C	4.37E-06	4.95E-06	2.47E-04	1.53E-04	2.70E-05	1.52E-05	2.44E-05	1.99E-05	2.38E-05	6.05E-05	6.95E-06	1.21E-05
G[C>G]G	3.97E-08	3.92E-06	1.66E-05	2.56E-06	1.09E-05	1.46E-05	4.19E-06	1.03E-06	5.44E-06	2.98E-05	2.71E-06	4.77E-06
G[C>G]T	1.19E-05	6.48E-06	3.69E-04	2.42E-04	4.14E-05	2.10E-05	2.31E-05	2.50E-05	2.16E-05	1.05E-04	9.76E-06	1.86E-05
G[C>T]A	6.53E-05	0.00E+00	1.13E-03	4.17E-03	1.49E-04	0.00E+00	2.45E-04	4.61E-05	1.01E-03	2.23E-04	2.18E-04	6.10E-05
G[C>T]C	5.10E-04	1.94E-04	2.71E-03	4.43E-03	6.44E-05	2.69E-04	4.35E-04	1.82E-05	1.48E-03	2.49E-04	8.50E-04	4.21E-05
G[C>T]G	1.03E-03	3.13E-06	4.03E-03	4.40E-03	8.47E-05	9.63E-06	5.22E-04	9.96E-05	1.35E-03	2.55E-04	8.42E-05	7.10E-05
G[C>T]T	6.07E-04	2.93E-04	2.72E-03	2.40E-03	6.72E-05	6.16E-04	2.70E-04	1.63E-05	1.05E-03	2.01E-04	8.09E-04	7.27E-05
G[T>A]A	3.54E-06	1.68E-05	1.79E-04	1.32E-05	9.46E-05	4.15E-05	6.82E-05	1.09E-05	0.00E+00	1.24E-04	1.25E-05	6.25E-06
G[T>A]C	4.73E-06	1.16E-05	5.46E-04	4.07E-04	2.87E-05	4.19E-05	1.76E-04	1.26E-05	1.11E-04	6.44E-05	2.21E-05	5.94E-06
G[T>A]G	0.00E+00	5.85E-06	1.24E-04	3.67E-06	9.69E-05	9.49E-06	2.87E-05	1.80E-05	4.18E-05	1.73E-04	9.57E-06	7.59E-06
G[T>A]T	1.41E-05	2.14E-05	1.53E-04	1.10E-04	9.72E-05	9.96E-05	4.00E-05	3.41E-05	1.84E-05	7.92E-05	1.27E-05	1.06E-05
G[T>C]A	7.71E-04	1.51E-05	3.56E-03	1.32E-03	3.43E-05	5.80E-06	7.81E-04	6.74E-05	4.61E-04	3.05E-04	5.09E-05	1.71E-05
G[T>C]C	4.60E-04	8.83E-06	2.14E-03	5.11E-04	4.63E-05	1.29E-06	3.79E-04	1.06E-04	4.75E-04	2.45E-04	3.89E-05	1.28E-05
G[T>C]G	1.92E-04	6.85E-06	1.44E-03	3.16E-04	4.51E-05	2.74E-05	3.50E-04	4.86E-05	3.09E-04	2.48E-04	1.80E-05	1.06E-05
G[T>C]T	2.00E-04	5.02E-04	1.47E-03	5.97E-04	4.72E-05	1.34E-03	7.26E-04	3.41E-05	3.02E-04	3.30E-04	4.71E-06	2.12E-05
G[T>G]A	7.97E-06	7.30E-06	2.07E-04	1.81E-04	2.27E-05	1.54E-05	1.84E-05	2.67E-05	6.25E-06	5.95E-05	2.50E-06	4.76E-06
G[T>G]C	1.32E-05	5.06E-06	3.70E-04	2.79E-04	1.32E-05	1.78E-05	2.67E-05	5.81E-05	7.82E-05	5.82E-05	4.72E-06	3.60E-06
G[T>G]G	1.38E-05	1.11E-04	6.37E-04	4.97E-04	2.73E-05	1.38E-04	4.41E-05	8.39E-05	2.31E-05	1.45E-04	0.00E+00	1.20E-05
G[T>G]T	3.11E-05	3.14E-05	2.06E-03	1.80E-03	2.87E-05	1.01E-04	1.70E-04	2.79E-04	1.57E-04	1.35E-04	4.82E-06	2.91E-06
T[C>A]A	9.16E-04	3.57E-05	3.50E-04	5.74E-04	1.55E-04	5.78E-05	6.30E-05	4.71E-05	7.86E-05	2.41E-04	1.48E-05	1.95E-04
T[C>A]C	8.31E-05	2.53E-05	1.47E-04	3.70E-04	1.82E-04	5.60E-05	1.60E-05	2.59E-05	1.39E-04	2.50E-04	1.67E-05	7.81E-05
T[C>A]G	1.62E-05	3.69E-06	1.63E-05	3.83E-05	3.04E-05	1.01E-05	1.44E-05	6.18E-06	1.92E-05	5.99E-05	1.05E-06	2.20E-05
T[C>A]T	5.18E-03	5.50E-05	5.22E-03	4.56E-03	3.28E-04	0.00E+00	0.00E+00	1.41E-04	6.84E-04	7.91E-04	4.55E-05	1.35E-04
T[C>G]A	7.44E-07	1.46E-05	3.90E-05	6.34E-06	1.15E-04	3.67E-05	1.90E-05	2.37E-05	1.40E-05	1.26E-04	0.00E+00	7.82E-04
T[C>G]C	1.28E-06	1.61E-05	1.51E-04	9.84E-05	8.93E-05	3.52E-05	5.69E-06	1.67E-05	1.20E-05	8.99E-05	9.06E-06	2.23E-04
T[C>G]G	1.89E-07	7.57E-06	2.47E-05	1.22E-06	2.24E-05	1.16E-05	9.05E-07	5.84E-06	1.67E-06	3.84E-05	2.57E-06	4.74E-05
T[C>G]T	3.17E-06	1.93E-05	1.91E-04	8.60E-05	1.90E-04	6.98E-05	6.73E-05	4.79E-05	9.27E-05	1.74E-04	1.34E-05	9.79E-04
T[C>T]A	6.22E-05	4.95E-03	5.92E-04	4.84E-04	1.48E-04	5.79E-03	1.53E-04	1.06E-04	1.49E-04	6.23E-04	6.35E-04	4.02E-04
T[C>T]C	3.33E-04	9.47E-04	1.77E-02	1.40E-03	1.70E-04	5.62E-03	1.09E-04	6.90E-05	6.08E-05	4.05E-04	6.12E-04	2.05E-03
T[C>T]G	5.26E-03	2.70E-04	8.61E-03	1.65E-02	0.00E+00	1.17E-03	9.95E-05	7.63E-05	1.39E-03	0.00E+00	2.18E-06	3.48E-04
T[C>T]T	1.52E-03	1.21E-03	2.86E-03	5.30E-03	3.10E-04	2.47E-03	6.81E-05	9.89E-05	1.44E-04	3.41E-04	3.11E-04	2.08E-04
T[T>A]A	1.42E-05	5.14E-05	4.90E-04	4.01E-04	1.60E-04	9.49E-05	9.29E-05	4.12E-05	2.64E-04	1.33E-04	9.87E-06	1.15E-05
T[T>A]C	1.24E-05	2.82E-05	1.99E-04	1.18E-04	9.00E-05	1.91E-04	7.63E-05	2.02E-05	3.92E-05	9.53E-05	1.76E-05	3.69E-06
T[T>A]G	1.65E-05	7.45E-06	6.78E-05	1.09E-05	9.73E-05	5.71E-05	2.81E-05	1.95E-05	3.59E-06	1.22E-04	1.03E-05	8.54E-06
T[T>A]T	1.22E-04	9.57E-05	4.22E-04	3.59E-04	1.51E-04	1.38E-03	1.19E-04	5.61E-05	1.81E-04	1.93E-04	2.16E-05	1.36E-05
T[T>C]A	1.32E-04	2.16E-04	1.10E-03	3.79E-04	1.09E-04	3.32E-04	3.81E-04	3.77E-05	2.41E-04	1.95E-04	1.32E-05	2.15E-05
T[T>C]C	8.34E-05	2.94E-05	1.54E-03	9.09E-04	3.61E-05	6.17E-05	2.56E-04	1.44E-04	1.06E-04	3.25E-04	1.46E-05	7.22E-06
T[T>C]G	8.08E-05	6.35E-05	3.13E-04	1.87E-04	6.06E-05	1.69E-04	2.60E-04	3.01E-05	3.80E-04	1.39E-04	1.36E-05	9.51E-06
T[T>C]T	2.65E-04	4.95E-05	1.13E-03	9.17E-04	4.09E-05	4.07E-04	1.30E-04	8.29E-05	5.78E-04	3.70E-04	1.98E-05	1.14E-05
T[T>G]A	3.12E-04	1.53E-05	7.02E-04	7.29E-04	2.60E-05	7.35E-05	3.24E-05	1.19E-04	0.00E+00	2.43E-04	7.04E-06	1.03E-05
T[T>G]C	2.91E-05	4.55E-06	4.50E-04	5.38E-04	7.86E-06	9.33E-05	2.62E-05	5.32E-05	3.37E-06	9.09E-05	7.29E-06	5.24E-06
T[T>G]G	2.93E-05	1.39E-05	5.59E-04	4.81E-04	3.83E-05	5.85E-05	4.77E-05	6.87E-05	7.74E-05	1.20E-04	6.27E-06	7.11E-06
T[T>G]T	1.37E-03	0.00E+00	3.11E-03	4.64E-03	2.89E-05	3.76E-04	1.75E-04	1.84E-04	1.19E-04	2.37E-04	2.27E-05	2.21E-05
