MutationType	SBS96A	SBS96B	SBS96C	SBS96D	SBS96E	SBS96F	SBS96G	SBS96H	SBS96I	SBS96J
A[C>A]A	3.79E-04	7.40E-04	5.74E-04	2.32E-04	6.52E-04	7.71E-04	3.39E-04	1.47E-04	9.77E-04	2.06E-04
A[C>A]C	1.61E-04	3.51E-04	2.45E-04	1.07E-04	4.47E-04	3.26E-04	2.29E-04	1.34E-04	5.36E-04	1.27E-04
A[C>A]G	8.86E-05	1.53E-04	1.39E-04	6.46E-05	2.12E-04	2.16E-04	6.00E-05	6.31E-05	2.01E-04	3.88E-05
A[C>A]T	2.25E-04	4.85E-04	3.71E-04	1.17E-04	4.61E-04	4.59E-04	2.67E-04	1.13E-04	6.48E-04	1.24E-04
A[C>G]A	2.48E-04	1.41E-04	3.00E-04	1.11E-04	4.74E-04	2.12E-04	9.95E-05	7.77E-05	4.19E-04	7.03E-05
A[C>G]C	7.27E-05	5.93E-05	1.11E-04	4.99E-05	1.51E-04	1.34E-04	6.40E-05	6.88E-05	1.33E-04	4.72E-05
A[C>G]G	8.12E-05	5.21E-05	1.17E-04	3.08E-05	1.85E-04	1.52E-04	3.10E-05	3.46E-05	1.15E-04	2.41E-05
A[C>G]T	1.38E-04	7.56E-05	1.67E-04	7.32E-05	2.48E-04	1.64E-04	8.01E-05	8.44E-05	2.64E-04	6.00E-05
A[C>T]A	1.51E-04	1.10E-04	2.01E-04	1.10E-04	2.63E-04	2.54E-04	2.36E-04	1.15E-04	3.47E-04	1.23E-04
A[C>T]C	5.68E-05	7.34E-05	1.18E-04	5.45E-05	1.60E-04	1.70E-04	1.46E-04	8.65E-05	1.50E-04	6.99E-05
A[C>T]G	1.27E-04	1.10E-04	5.58E-05	1.62E-04	3.00E-04	4.44E-04	3.51E-04	4.42E-04	1.15E-03	2.17E-04
A[C>T]T	1.44E-04	1.13E-04	2.06E-04	7.80E-05	3.16E-04	3.23E-04	1.53E-04	1.28E-04	2.36E-04	7.92E-05
A[T>A]A	1.66E-04	1.91E-04	2.73E-04	1.18E-04	3.25E-04	1.98E-04	1.54E-04	1.03E-04	4.90E-04	8.30E-05
A[T>A]C	4.86E-05	6.48E-05	1.03E-04	4.54E-05	1.44E-04	1.50E-04	9.02E-05	9.08E-05	9.17E-05	6.34E-05
A[T>A]G	1.44E-04	1.47E-04	1.68E-04	6.53E-05	1.77E-04	1.53E-04	1.21E-04	8.89E-05	3.53E-04	6.43E-05
A[T>A]T	1.10E-04	1.32E-04	1.79E-04	6.74E-05	3.14E-04	2.32E-04	1.68E-04	1.01E-04	2.41E-04	8.69E-05
A[T>C]A	3.28E-04	2.14E-04	7.84E-04	3.75E-04	9.54E-04	4.59E-04	2.68E-04	2.81E-04	1.01E-03	1.35E-04
A[T>C]C	4.83E-05	6.24E-05	9.42E-05	5.16E-05	1.25E-04	1.56E-04	5.75E-05	8.12E-05	1.29E-04	6.82E-05
A[T>C]G	1.76E-04	1.13E-04	3.99E-04	1.79E-04	5.25E-04	2.48E-04	1.53E-04	1.57E-04	4.85E-04	1.02E-04
A[T>C]T	1.41E-04	1.12E-04	2.50E-04	1.59E-04	3.42E-04	2.62E-04	1.93E-04	1.30E-04	4.08E-04	9.71E-05
A[T>G]A	4.17E-05	5.36E-05	8.49E-05	1.09E-05	9.42E-05	1.25E-04	7.07E-05	6.18E-05	1.05E-04	5.10E-05
A[T>G]C	1.46E-05	2.14E-05	3.98E-05	1.46E-05	1.36E-04	6.60E-05	3.73E-05	4.33E-05	4.27E-05	7.82E-05
A[T>G]G	3.06E-05	7.72E-05	1.10E-04	3.57E-05	1.30E-04	1.64E-04	6.02E-05	5.57E-05	1.64E-04	4.89E-05
A[T>G]T	2.66E-05	4.09E-05	7.66E-05	4.12E-05	8.76E-04	1.29E-04	5.67E-05	7.68E-05	8.72E-05	3.44E-04
C[C>A]A	3.70E-04	6.50E-04	4.47E-04	2.24E-04	7.77E-04	1.04E-03	3.39E-04	3.51E-05	7.55E-04	1.91E-04
C[C>A]C	5.39E-04	5.55E-04	1.99E-04	1.78E-04	1.09E-03	6.55E-04	2.92E-04	1.61E-04	7.76E-04	8.40E-05
C[C>A]G	1.67E-04	1.39E-04	1.60E-04	6.98E-05	1.85E-04	2.81E-04	6.63E-05	3.73E-05	2.63E-04	2.73E-05
C[C>A]T	4.02E-04	5.36E-04	3.41E-04	2.00E-04	7.15E-04	7.87E-04	2.82E-04	1.21E-04	6.29E-04	8.90E-05
C[C>G]A	1.81E-04	1.08E-04	2.36E-04	9.51E-05	4.19E-04	1.95E-04	9.27E-05	7.49E-05	2.34E-04	3.37E-05
C[C>G]C	1.35E-04	1.17E-04	2.20E-04	5.75E-05	3.41E-04	2.41E-04	8.05E-05	7.60E-05	2.41E-04	3.81E-05
C[C>G]G	6.17E-05	5.99E-05	1.00E-04	3.44E-05	1.62E-04	1.06E-04	3.78E-05	3.08E-05	1.04E-04	2.66E-05
C[C>G]T	1.59E-04	1.13E-04	2.43E-04	8.72E-05	3.65E-04	2.56E-04	9.31E-05	8.73E-05	2.48E-04	5.00E-05
C[C>T]A	1.73E-04	1.37E-04	2.90E-04	2.32E-04	4.34E-04	3.11E-04	3.13E-04	1.60E-04	4.02E-04	1.00E-04
C[C>T]C	1.29E-04	1.51E-04	2.24E-04	1.19E-04	3.33E-04	2.57E-04	2.15E-04	1.24E-04	2.51E-04	8.24E-05
C[C>T]G	1.10E-04	8.76E-05	1.41E-04	1.03E-04	2.09E-04	2.71E-04	2.40E-04	3.10E-04	8.05E-04	1.54E-04
C[C>T]T	2.33E-04	1.71E-04	3.66E-04	1.51E-04	6.06E-04	3.39E-04	2.90E-04	1.40E-04	3.94E-04	7.47E-05
C[T>A]A	1.97E-04	2.53E-04	2.43E-04	9.89E-05	2.72E-04	1.89E-04	1.09E-04	7.96E-05	5.61E-04	5.94E-05
C[T>A]C	1.52E-04	2.01E-04	2.09E-04	7.94E-05	2.14E-04	2.25E-04	1.05E-04	9.00E-05	4.61E-04	9.20E-05
C[T>A]G	4.38E-04	4.60E-04	4.27E-04	1.41E-04	3.90E-04	2.75E-04	1.73E-04	1.25E-04	1.05E-03	7.79E-05
C[T>A]T	1.85E-04	3.11E-04	2.97E-04	1.19E-04	3.45E-04	3.47E-04	8.80E-05	1.05E-04	6.25E-04	1.20E-04
C[T>C]A	1.39E-04	1.31E-04	3.09E-04	1.45E-04	4.10E-04	1.47E-04	8.96E-05	1.30E-04	3.54E-04	9.64E-05
C[T>C]C	8.97E-05	9.63E-05	1.50E-04	5.48E-05	4.20E-04	2.40E-04	7.09E-05	8.61E-05	2.46E-04	2.14E-04
C[T>C]G	1.20E-04	1.17E-04	2.18E-04	8.34E-05	3.24E-04	1.21E-04	1.00E-04	1.04E-04	2.60E-04	1.25E-04
C[T>C]T	1.17E-04	1.21E-04	2.06E-04	1.06E-04	4.36E-04	1.88E-04	1.02E-04	1.08E-04	2.43E-04	2.95E-04
C[T>G]A	3.30E-05	5.61E-05	6.83E-05	2.29E-05	8.18E-05	1.02E-04	4.50E-05	4.32E-05	1.04E-04	5.14E-05
C[T>G]C	2.42E-05	4.18E-05	5.07E-05	2.43E-05	1.86E-04	9.73E-05	3.91E-05	4.47E-05	8.13E-05	1.04E-04
C[T>G]G	5.11E-05	7.41E-05	1.02E-04	5.03E-05	1.27E-04	1.59E-04	4.65E-05	6.20E-05	1.48E-04	8.93E-05
C[T>G]T	9.63E-05	6.64E-05	2.16E-04	8.97E-05	1.25E-03	1.92E-05	1.54E-04	1.03E-04	1.96E-04	7.38E-04
G[C>A]A	4.55E-04	5.06E-04	6.10E-04	1.71E-04	8.02E-04	6.06E-04	3.91E-04	2.13E-04	5.94E-04	1.74E-04
G[C>A]C	1.62E-04	3.73E-04	2.21E-04	5.75E-05	4.74E-04	4.26E-04	2.04E-04	1.02E-04	4.67E-04	9.88E-05
G[C>A]G	1.21E-04	1.14E-04	1.44E-04	6.11E-05	1.35E-04	2.23E-04	5.81E-05	5.77E-05	1.87E-04	3.72E-05
G[C>A]T	2.38E-04	3.31E-04	3.61E-04	1.16E-04	4.78E-04	3.55E-04	2.50E-04	1.23E-04	3.80E-04	1.07E-04
G[C>G]A	1.25E-04	8.95E-05	1.53E-04	5.80E-05	2.66E-04	1.22E-04	6.72E-05	5.30E-05	2.11E-04	2.73E-05
G[C>G]C	8.68E-05	7.21E-05	1.22E-04	4.58E-05	2.17E-04	1.08E-04	6.95E-05	5.20E-05	1.38E-04	3.65E-05
G[C>G]G	4.16E-05	3.98E-05	7.16E-05	2.34E-05	1.19E-04	2.93E-05	2.27E-05	2.48E-05	8.07E-05	2.07E-05
G[C>G]T	1.33E-04	7.37E-05	1.75E-04	5.90E-05	2.75E-04	1.59E-04	7.71E-05	7.25E-05	2.12E-04	4.00E-05
G[C>T]A	1.18E-04	8.71E-05	1.71E-04	1.03E-04	2.80E-04	2.32E-04	2.26E-04	1.50E-04	2.91E-04	1.16E-04
G[C>T]C	7.59E-05	6.89E-05	1.28E-04	7.45E-05	2.07E-04	2.11E-04	1.82E-04	1.31E-04	2.49E-04	1.03E-04
G[C>T]G	9.35E-05	8.20E-05	1.35E-04	1.24E-04	2.31E-04	3.75E-04	2.91E-04	3.48E-04	8.87E-04	1.81E-04
G[C>T]T	9.59E-05	8.24E-05	1.52E-04	7.41E-05	1.85E-04	1.90E-04	1.88E-04	1.22E-04	2.65E-04	7.46E-05
G[T>A]A	1.25E-04	1.59E-04	1.60E-04	8.65E-05	1.79E-04	1.27E-04	7.02E-05	6.21E-05	3.89E-04	4.63E-05
G[T>A]C	4.70E-05	6.83E-05	7.47E-05	3.45E-05	8.85E-05	1.01E-04	6.02E-05	5.55E-05	1.28E-04	4.72E-05
G[T>A]G	1.67E-04	2.05E-04	1.94E-04	7.63E-05	1.85E-04	1.49E-04	1.05E-04	7.77E-05	4.53E-04	5.14E-05
G[T>A]T	8.27E-05	1.49E-04	1.58E-04	5.88E-05	1.91E-04	2.09E-04	8.12E-05	6.63E-05	3.10E-04	5.00E-05
G[T>C]A	1.36E-04	9.36E-05	3.35E-04	1.50E-04	4.11E-04	1.99E-04	1.28E-04	1.29E-04	4.62E-04	8.00E-05
G[T>C]C	3.55E-05	4.47E-05	7.81E-05	3.64E-05	1.02E-04	1.29E-04	7.48E-05	7.11E-05	1.09E-04	6.24E-05
G[T>C]G	1.22E-04	1.45E-04	3.52E-04	9.16E-05	4.14E-04	2.23E-04	1.34E-04	1.35E-04	1.14E-03	1.10E-04
G[T>C]T	7.91E-05	7.85E-05	1.51E-04	8.31E-05	2.06E-04	1.79E-04	1.16E-04	1.12E-04	2.33E-04	8.28E-05
G[T>G]A	2.48E-05	3.81E-05	5.60E-05	2.03E-05	7.14E-05	7.10E-05	2.78E-05	3.58E-05	6.75E-05	2.69E-05
G[T>G]C	1.58E-05	1.95E-05	3.18E-05	1.45E-05	4.36E-05	5.02E-05	2.47E-05	3.02E-05	3.18E-05	4.29E-05
G[T>G]G	4.44E-05	1.01E-04	1.02E-04	3.86E-05	1.30E-04	1.50E-04	5.11E-05	6.06E-05	2.23E-04	4.18E-05
G[T>G]T	2.29E-05	3.00E-05	5.20E-05	3.76E-05	4.46E-04	1.06E-04	5.81E-05	6.38E-05	6.63E-05	2.42E-04
T[C>A]A	5.01E-04	4.50E-04	6.35E-04	3.08E-04	8.14E-04	7.27E-04	3.80E-04	1.90E-04	6.89E-04	1.50E-04
T[C>A]C	2.73E-04	3.98E-04	3.65E-04	2.53E-04	4.74E-04	6.70E-04	2.07E-04	1.46E-04	5.22E-04	1.41E-04
T[C>A]G	8.63E-05	7.06E-05	1.12E-04	5.74E-05	9.76E-05	1.54E-04	6.95E-05	5.56E-05	1.31E-04	4.31E-05
T[C>A]T	6.77E-04	5.97E-04	8.62E-04	3.28E-04	1.29E-03	7.70E-04	4.00E-04	2.88E-04	8.04E-04	2.15E-04
T[C>G]A	4.20E-04	5.60E-04	6.19E-04	9.84E-04	1.21E-03	9.87E-04	2.64E-03	1.01E-04	9.81E-04	2.50E-04
T[C>G]C	1.44E-04	1.77E-04	2.40E-04	2.13E-04	3.91E-04	2.80E-04	4.95E-04	9.37E-05	2.79E-04	5.85E-05
T[C>G]G	3.78E-05	4.63E-05	6.50E-05	5.08E-05	1.05E-04	7.73E-05	1.06E-04	1.08E-05	9.28E-05	3.20E-05
T[C>G]T	4.82E-04	6.72E-04	7.04E-04	1.22E-03	1.42E-03	1.09E-03	2.93E-03	2.29E-04	1.10E-03	2.13E-04
T[C>T]A	5.17E-04	3.47E-04	5.30E-04	2.82E-03	7.90E-04	1.23E-03	1.41E-03	6.42E-04	9.70E-04	5.63E-04
T[C>T]C	1.73E-04	1.27E-04	2.47E-04	6.93E-04	3.29E-04	4.26E-04	4.26E-04	2.22E-04	4.12E-04	1.50E-04
T[C>T]G	4.61E-05	7.39E-05	1.11E-04	2.39E-04	9.15E-05	1.87E-04	2.04E-04	2.07E-04	4.64E-04	1.52E-04
T[C>T]T	3.12E-04	2.59E-04	4.46E-04	1.73E-03	6.31E-04	7.61E-04	8.88E-04	4.03E-04	5.76E-04	3.45E-04
T[T>A]A	1.73E-04	2.62E-04	2.70E-04	1.19E-04	3.28E-04	2.57E-04	1.61E-04	1.10E-04	6.07E-04	7.19E-05
T[T>A]C	7.24E-05	1.25E-04	1.22E-04	5.36E-05	1.66E-04	1.46E-04	8.29E-05	7.53E-05	2.77E-04	6.54E-05
T[T>A]G	1.30E-04	1.43E-04	1.61E-04	6.90E-05	1.62E-04	1.31E-04	8.53E-05	7.75E-05	3.43E-04	5.66E-05
T[T>A]T	1.30E-04	2.60E-04	2.54E-04	1.15E-04	4.33E-04	3.73E-04	1.51E-04	1.12E-04	5.34E-04	1.15E-04
T[T>C]A	1.59E-04	8.95E-05	3.44E-04	1.64E-04	4.26E-04	2.10E-04	1.37E-04	1.52E-04	4.86E-04	7.80E-05
T[T>C]C	5.54E-05	6.24E-05	1.14E-04	5.93E-05	3.16E-04	2.07E-04	5.86E-05	7.97E-05	1.18E-04	1.62E-04
T[T>C]G	1.64E-04	1.74E-04	4.92E-04	1.17E-04	5.61E-04	3.14E-04	1.72E-04	1.74E-04	1.78E-03	1.44E-04
T[T>C]T	9.47E-05	1.07E-04	1.89E-04	1.11E-04	3.08E-04	2.18E-04	1.16E-04	1.12E-04	2.99E-04	1.31E-04
T[T>G]A	4.53E-05	7.02E-05	1.24E-04	3.80E-05	1.49E-04	1.99E-04	7.31E-05	6.44E-05	1.50E-04	7.82E-05
T[T>G]C	1.90E-05	3.30E-05	5.00E-05	2.15E-05	2.90E-04	9.47E-05	4.17E-05	5.41E-05	5.87E-05	1.47E-04
T[T>G]G	6.14E-05	9.03E-05	1.32E-04	4.54E-05	1.50E-04	1.91E-04	5.47E-05	6.16E-05	1.67E-04	8.89E-05
T[T>G]T	5.15E-05	7.66E-05	1.48E-04	7.05E-05	2.01E-03	2.40E-04	1.21E-04	1.49E-04	1.85E-04	8.98E-04
