MutationType	SBS96A	SBS96B	SBS96C	SBS96D	SBS96E	SBS96F	SBS96G	SBS96H	SBS96I	SBS96J
A[C>A]A	0.06330864492803812	0.027908258978277443	0.02302831657230854	0.00536504904855974	0.021803215509280563	0.044087155386805535	0.0046524437248535834	0.01252907614223659	0.017081426379736527	0.006489739015232771
A[C>A]C	0.03687572877854109	0.024429039978422225	0.00600521398591809	0.0017850022655329667	0.019585652430541813	0.01779027296230197	0.005956240082741715	0.01317712496034801	0.008989391757513879	0.0032408878998830912
A[C>A]G	0.013604970420710743	0.012239933321252465	0.006300865947268903	0.0013879979477496819	0.0029943313158582894	0.001273881020535208	0.000437199448074194	0.0021812530161696487	0.005418131892802194	0.00034185698676992616
A[C>A]T	0.0434927624464035	0.01917313565441873	0.00562175552273402	0.0015882633183412279	0.01878702950081788	0.02710418252274394	0.004537034199893241	0.006466093868948519	0.008509727027535618	0.003503816567827016
A[C>G]A	0.015749281169846654	0.0012972648378728052	0.010189904659055173	0.00472225750098005	0.023772169107105584	0.007648186654259917	0.0014412034187044594	0.003355043961200863	0.010686256420231076	0.001977249860356096
A[C>G]C	0.005439036507159472	0.0014038395945857362	0.004820389621891082	0.0018925484659848735	0.009641641796915791	0.006856358209624887	0.002192072978941724	0.0030138989828992634	0.005912608283106238	0.001693610054499004
A[C>G]G	0.0022867575811687858	0.0005867321114483314	0.0007494700320254267	0.0002844863869362513	0.008616799221199472	0.0029884126943943556	0.0001751750107996486	0.0003703325564856641	0.0008259205879585352	0.00028241743309763477
A[C>G]T	0.009301465698517858	0.00039631303873071647	0.008928592605516315	0.0043709849682636555	0.01581502428743988	0.009680946194566786	0.0034895281807985155	0.006516455593518913	0.0077106570452451706	0.0016826166752434801
A[C>T]A	0.014694866733625531	0.005439398596063256	0.022650561388581993	0.00474999229889363	0.01806931377388537	0.023151061944663525	0.014012474054470658	0.02187404442578554	0.012821731211151927	0.009978710170835257
A[C>T]C	0.004782118597067893	0.006405876725912094	0.009542825827375055	0.0016673313489445718	0.007599395145662129	0.011690109968185425	0.00629101961152628	0.014544033845886588	0.006418609379325062	0.004524213407421485
A[C>T]G	0.003448407113319263	0.0010858497834678516	0.00014479236351086445	0.005035205305903219	0.00424449347297923	0.009283109671669081	0.0052174362439452344	0.09281790554523468	0.017443686175540197	0.005386035512783565
A[C>T]T	0.00797494951169938	0.0026822063891449944	0.010928016286343337	0.0023314131976803765	0.01698625547811389	0.018549722135066987	0.0071085448609665034	0.016286364402621985	0.005966016441816464	0.004233473194763065
A[T>A]A	0.0030156895145773887	0.017456191536039115	0.02297215947881341	0.0028196919258334672	0.005323423105292022	0.011060129394754767	0.004207135925535113	0.007960867788642644	0.01280996250221506	0.0016653131555412648
A[T>A]C	0.002161695818067528	0.005738074732944369	0.0030260354786497603	0.0008006314969679843	0.003956611087196507	0.00798833740875125	0.0031901675765402615	0.01391769353300333	0.0005534481003372964	0.0031094500224571674
A[T>A]G	0.006352776079438627	0.019157573813572526	0.00947101044934243	0.0013478223559320668	0.007940115359378979	0.008505338458344341	0.004377407858846709	0.009969964735209941	0.00993622952606529	0.0012628152952675184
A[T>A]T	0.0025938454370771067	0.008228845023550093	0.01085198561195284	0.0018227916420437396	0.005942985506917467	0.017910144357010722	0.005731485825963318	0.01790186763741076	0.006785371702862903	0.0073752687242813406
A[T>C]A	0.01216636630706489	0.007322388016618788	0.07928830172866583	0.01090194558724761	0.015411037310628331	0.00652596333255262	0.0032957094502739227	0.02219653606414795	0.0351350053306669	0.007100466620177031
A[T>C]C	0.0009583555468998384	0.0013308486278401687	0.00845394594129175	0.001782064067083411	0.00671046263538301	0.006893881731666624	0.0011496400269970764	0.010026901522651314	0.0032263409646111543	0.005592183002736419
A[T>C]G	0.007983776400797069	0.004367738552391529	0.04117433013394475	0.00557716129347682	0.011536123321857304	0.005950841563171707	0.004476353440550156	0.01320007943548262	0.04739835653454065	0.0042430964403320105
A[T>C]T	0.003970515707624145	0.0022776478534797208	0.03391928194090724	0.0048601279431022704	0.01324089922942221	0.015581834525801242	0.00445404746424174	0.02819403450936079	0.013972477809293195	0.007771914745680988
A[T>G]A	0.0009672733814659295	0.0011886943863646594	0.005660914189647883	3.293592027148407e-05	0.005621523181907832	0.003566868670750409	0.0027835662418510764	0.0043283864436671135	0.003957210210937773	0.0028460098660434596
A[T>G]C	0.00011866490884131053	0.00011093923200405697	0.0010122254183806945	0.00015686903456206381	0.001764615343126934	0.002865622499375604	0.0009840079001151025	0.002972966080997139	0.000766247677966021	0.006737118931487203
A[T>G]G	0.00017950180010520698	0.0030789658997673543	0.0022974788420106053	0.0004403306421566688	0.0059637655783444645	0.006255547071341425	0.0010532379118376413	0.003350795401493087	0.0031086183895240537	0.003323963562725112
A[T>G]T	0.00017607350827166305	0.0002714483338422724	0.002781882029375993	0.0008846942834497895	0.0025217798171255964	0.0067757776181679216	0.000822133868932724	0.003763911894056946	0.0014149573491795309	0.05320816986262798
C[C>A]A	0.07671789232641459	0.0685988100245595	0.02268404796719551	0.004845202652252283	0.027808810122078285	0.028047885866835712	0.00720944806933403	7.400542133837007e-05	0.019222343782894315	0.00493909981159959
C[C>A]C	0.06339298069477081	0.074565313719213	0.0007115809202253471	0.0024080913000246503	0.03253595703165047	0.0036772360063079402	0.006673847982674488	0.0036335984725155866	0.00449696678872681	0.0023114785470534117
C[C>A]G	0.0142989413253963	0.021752562932670118	0.004627901898347772	0.0012308741362357977	0.00147063178105184	0.0023802639523637496	0.0005497681668369836	0.0002905573173484299	0.00555267116251034	0.00015358531976744416
C[C>A]T	0.06296405903995037	0.06541340302675963	0.00346233617535189	0.004147045825375244	0.02034964008955285	0.021201508827507497	0.0040698546824056514	0.001657465360212882	0.0034331514452324145	0.0040897980146110055
C[C>G]A	0.00973478124011308	0.006801296873018146	0.006683147948933765	0.005324755173642188	0.019666272432659754	0.003498683090729173	0.0020846422023896596	0.0012058760669651748	0.006691087725339457	0.0004921196413533834
C[C>G]C	0.006093423601705581	0.007744384147226811	0.002361203868467072	0.001234629280952504	0.016781345189083367	0.005500087313703261	0.0024405646050581708	0.0021677341469330713	0.008170000405516475	0.0008279449586552801
C[C>G]G	0.0026730713731376453	0.003101829506922513	0.0018711320515285479	0.0005149687788332357	0.007455219606636092	0.0023507760724169203	0.0004122555435242248	0.00037071796446980443	0.002334473280934617	0.00026035906194920243
C[C>G]T	0.008373346389271319	0.00506325498688966	0.005267443631892093	0.0053810364613309505	0.01983915130607784	0.008831345597282053	0.0024392529880742585	0.005232879742980003	0.00641915183281526	0.0015940144099295139
C[C>T]A	0.0182489438354969	0.011266030156984925	0.021098945681005718	0.0041484170069452375	0.023797480026260018	0.011702444707043468	0.026084754932671785	0.021221951730549336	0.013540743559133261	0.009682555287145077
C[C>T]C	0.010574629101902246	0.014249538835138083	0.01684710125438869	0.002227807259214387	0.015573193454183638	0.006754890286247246	0.012609905963763594	0.020870687868446113	0.008580095829674974	0.005811556668486446
C[C>T]G	0.003554373637889512	0.003215789276873693	0.0027644520695321263	0.004527788233244792	0.0056065721630875484	0.0020092736551500286	0.006606979768257588	0.05985594041645527	0.02549416709691286	0.004064531397910969
C[C>T]T	0.019564735554158687	0.01560530130751431	0.019766999753192068	0.0033399413655329124	0.029391615614295007	0.00907654559938237	0.017460150932893156	0.019946730248630046	0.010359700294253817	0.004676713785156608
C[T>A]A	0.005230521397897973	0.024014059044420718	0.014219384295865894	0.0024100804515182974	0.01108992241031956	0.004681666913966182	0.0021490497566992416	0.0010531608052047506	0.014157306915149093	0.0010588840715354307
C[T>A]C	0.0035027468140469862	0.018431536657735705	0.0031834158607193714	0.0012583908592205262	0.011732939588837326	0.007946360728237779	0.0023439880540536253	0.004525946730282158	0.007342353650019504	0.01056046356447041
C[T>A]G	0.010632729376666247	0.05000618942081928	0.012179793298710138	0.002305250350089869	0.014020218616351485	0.002320668279717211	0.0028153635915371695	0.002546916192804931	0.016500502126448283	0.005233928032685071
C[T>A]T	0.002633180730008462	0.021466812072321772	0.009602308759931476	0.0032348684157477692	0.018814420817652718	0.009448682048823685	0.000707497241352506	0.0037205788597930224	0.013018969751428813	0.019991853702813388
C[T>C]A	0.0043677331808737565	0.006713293585926294	0.031393269672989846	0.003893449612078257	0.012909506690921262	0.0013510352288052952	0.0007988256490617366	0.005989911342039704	0.02012740146368742	0.009718108903616667
C[T>C]C	0.002162283522884536	0.0017577414933475665	0.003170219785970403	0.0012705811802879907	0.011403488400392235	0.007436996545875445	0.0016111960654961878	0.007025769487954676	0.014449680433608591	0.03394141664728522
C[T>C]G	0.005588908840436489	0.006073537934571505	0.020650754366070032	0.0022295416716951876	0.01249882030999288	0.001482560545149848	0.00260171465924941	0.004700751032214612	0.02465544141829014	0.02290423175320029
C[T>C]T	0.002173633495819196	0.003427342448849231	0.018583564553409815	0.0031208784226328134	0.013552801543846726	0.0045615028258180245	0.0016140770289348439	0.004460115198744461	0.010680460040457546	0.07602833516895771
C[T>G]A	0.0002953897504402292	0.0013926486115087755	0.003462968007661402	0.00023218010400614594	0.004463857064838522	0.0034201989078428596	0.0012244490336161106	0.0012002917437348515	0.004236233031842857	0.0037828992307186128
C[T>G]C	0.00040221905805083225	0.0006236051440646406	0.0012909515187493525	0.0004686413045055815	0.00354726888530422	0.0031313571249484084	0.0013242310591158456	0.0021555288013769313	0.003117547668807674	0.01617333844304085
C[T>G]G	0.0019482144684297964	0.004694123363588005	0.003533546640537679	0.0014850920584285631	0.008257197814527899	0.004796888938290067	0.0005041962066752603	0.0025074578437488527	0.005736479731276631	0.009727326584979892
C[T>G]T	0.0015047208806036488	0.0006797107912892701	0.001885261702130481	0.0005892722281306912	0.0028707822863960953	2.5433540328799493e-05	0.0017480115968098247	0.0006123358183010373	0.001496444997209725	0.18747033074498176
G[C>A]A	0.04203660368919373	0.02371038973564282	0.009848238045233302	0.0017071665876405662	0.007671245908976408	0.05558568585664034	0.00565809847517876	0.00733587094466202	0.008270043697557412	0.004581455167790409
G[C>A]C	0.037086993753910065	0.02821090227458626	0.0067968424200080335	0.00028492984743626283	0.016031159938938798	0.011030777674168348	0.005901347619947046	0.006332457298412919	0.005838613832986972	0.0020410306808480525
G[C>A]G	0.010520177809521556	0.013296638298779726	0.007190368433948606	0.0011085966587233997	0.000839152183920013	0.002744173198589124	0.0007366720203572186	0.001452697893982986	0.0027206472155012307	0.0006554230260371696
G[C>A]T	0.029449590481817722	0.01482372869970277	0.0033838438956153207	0.0012964168628604967	0.009713677613763138	0.03272939309477806	0.004441881375096273	0.006116437301971018	0.002744686500538293	0.0036236160376574844
G[C>G]A	0.008961656023748219	0.0026969183917390184	0.006274553553666919	0.0014574444192112423	0.012568039843754377	0.0026974117080681027	0.0014554627751931547	0.0007571844840765607	0.003209813485445942	0.00023708136055574868
G[C>G]C	0.006845148373395204	0.00422737774788402	0.00462938938755542	0.0011011497910294566	0.009361790910479612	0.0022585410199826585	0.003709621836896986	0.002078880282933824	0.005354806787800044	0.00029684589069802316
G[C>G]G	0.002548344952519983	0.0028415676206350327	0.0013201743196987082	0.00046576610046031417	0.004562265682325233	0.00016889372555501257	0.0001857085386654944	0.00034788952210234816	0.0024702560814330353	0.00027745634612074354
G[C>G]T	0.006639484541956335	0.001461698803415743	0.00185222745531064	0.002661024678382091	0.013518676907988265	0.003980858905997593	0.002493073567165993	0.003492367516737431	0.002607146680384176	0.0006061944096630612
G[C>T]A	0.007055814559571445	0.0026304429402807727	0.021262723468244076	0.003428626757231541	0.009403184464899824	0.017594725862145423	0.013548389188945293	0.023963393438607455	0.008493064066953956	0.007573645452503115
G[C>T]C	0.0058442156063392755	0.003884061363060027	0.012656578961759805	0.0020606714882116443	0.00725282005732879	0.012930369367823005	0.008682053887750953	0.02555707972496748	0.006306146106217056	0.0061492159264162185
G[C>T]G	0.00240937965165358	0.001096319801808153	0.004537703694077209	0.003610486149872369	0.0010907292342827695	0.006791401837836023	0.006979191153659485	0.07495044335722924	0.015396278804403786	0.0032610405653730403
G[C>T]T	0.008051982033066452	0.002227002891642883	0.01290982776787132	0.002265356389689259	0.008993821800686419	0.012993933111429214	0.008913615620695054	0.02164992593228817	0.007194523887883406	0.0043191798473708335
G[T>A]A	0.003527391912648454	0.015072227995842695	0.011925214389339089	0.002500857350532897	0.0064652490144362675	0.0028348508026101627	0.0008071098004290484	0.0007338158300913243	0.011133748376742005	0.000856945545428971
G[T>A]C	0.0015648773335851728	0.005743831272702664	0.0024001990217948333	0.0007749748148489743	0.003626018452923745	0.004573938907124102	0.0016618279181420802	0.004642167901620269	0.0015829205489535526	0.0032326608896255495
G[T>A]G	0.004876159054692835	0.020727115338668226	0.010802146219648421	0.0014035945624345913	0.008286890189629048	0.0028498955283430406	0.0019157189634279347	0.0027507503441302106	0.011414292922709138	0.0019013349860324525
G[T>A]T	0.001291763092203837	0.00967123256996274	0.005870971488766372	0.001298252992128255	0.009938620497123338	0.007370599175337702	0.001760357929597376	0.004533262529876083	0.007097977326484397	0.00483906950801611
G[T>C]A	0.005213259925367311	0.0017318523403810104	0.03510018708184361	0.004394884177017957	0.007260176711352813	0.003707974074059166	0.0029922015880583784	0.012651717262342573	0.014129450786858797	0.004393999518360943
G[T>C]C	0.0007997969440475572	0.001464347721193917	0.005310054700821638	0.0012074706950807013	0.00454503228655085	0.004133508641971275	0.0030339046521112322	0.011109551005065442	0.0018228659744636388	0.005741061109583825
G[T>C]G	0.002509125843353104	0.0021861996583174914	0.010061185541562736	0.0021097826631739734	0.007181381699047052	0.003731188528635675	0.002834183570521418	0.005499562027398497	0.07732200682163239	0.00514979149797
G[T>C]T	0.0017693068337393924	0.001349225312442286	0.01956949911080301	0.002631374701159075	0.008344831804279237	0.007459235778078437	0.0033946198906050994	0.01822065112181008	0.007589856262784451	0.008540599504485727
G[T>G]A	0.0002602754375402583	0.0009530655402340926	0.0020147172646829857	0.0005515846368325583	0.0033185787082766183	0.0022503733466146514	0.00040590417300336414	0.0016518893104512245	0.0013438208622392268	0.0010642002028180286
G[T>G]C	0.0003616609325399622	0.00017907254986517573	0.0005778349056527077	0.00024054273426372675	0.0015115321226767265	0.001969056861125864	0.0003860965322746779	0.001750983054516837	0.00038237828790897764	0.004093212785664946
G[T>G]G	0.00039445724659045446	0.004537788177840412	0.0009603443634114229	0.0007803233775484841	0.006278105999808758	0.005103225759230554	0.0012485563974041726	0.003208015662385151	0.008120300248265266	0.0030343864543829115
G[T>G]T	0.0005404897124390118	0.00023411675114938185	0.0002771605910957572	0.0007830548599304165	0.003391788976441603	0.003955171221168712	0.0009062421989983704	0.0027007313154172154	0.0004968645948218686	0.05005883477628231
T[C>A]A	0.04195322660729289	0.03638008143752813	0.020730552207678558	0.03633822035044432	0.006491785899702506	0.05383926726877689	0.009454102374147623	0.005695958934957161	0.011420007203289515	0.006837761946953833
T[C>A]C	0.050864673033356664	0.04188578862696886	0.014808951772283762	0.018555532172322274	0.01669637515209615	0.028686355482786894	0.0029370375191211913	0.011913239285349845	0.012247044002870099	0.0035487113293493164
T[C>A]G	0.006900128789711743	0.008214231063611806	0.004689818873885088	0.002891346400137991	0.0004230612177343792	0.006763089676387608	0.00077869652712252	0.0015416841633850709	0.004106980470241979	0.0008407990126215736
T[C>A]T	0.047424981687217954	0.03818566157482564	0.010883999484679507	0.02024761245585978	0.006934882015951178	0.08042489726096391	0.005815687434535584	0.014764856421388686	0.012178285682350031	0.00992997754830867
T[C>G]A	0.004019178282455304	0.005221147081964636	0.004431376050180219	0.18652518913149835	0.018144874068786388	0.00737295016831262	0.0435930770286359	0.0004791931703645952	0.009833188484513686	0.0034039165023398432
T[C>G]C	0.006750386159401387	0.005663751105312258	0.005642498538363725	0.038253124020993706	0.019970445204526188	0.009315520180389286	0.01147156085120514	0.005220645455410704	0.010887247775681317	0.0008943009439644811
T[C>G]G	0.0012082676918362268	0.0020293548586778343	0.0012561438915145119	0.007820088332518935	0.004116086032008752	0.001202126721254899	0.0027433496637968347	4.367725723568583e-05	0.001384083288339184	0.00016702488690498285
T[C>G]T	0.0042346890021205666	0.008217810620919757	0.00992625012935605	0.2087488803267479	0.027313201911747454	0.017671140828169882	0.043432261020010444	0.014238127218559384	0.006625534524129079	0.0039825317574826965
T[C>T]A	0.007550616638677907	0.0017735891171452064	0.002222351989397972	0.16580111779272555	0.004677437542843581	0.01191409981321065	0.2968170917034149	0.014655096742208197	0.009080718247188658	0.02294122338294983
T[C>T]C	0.010079574794508517	0.005743687290232629	0.010750242536887526	0.03011525021865964	0.014596558390185237	0.012836974766105413	0.07306882694363594	0.033948180954903366	0.00994200212880969	0.012041343650780618
T[C>T]G	0.00022155149194001523	0.002553520388319157	0.0014643535262558282	0.020640503307804467	0.0004893999229491027	0.0010791426287453043	0.029866161942481994	0.0411864809691906	0.006967428521602414	0.004617696143686772
T[C>T]T	0.011185035374946892	0.008810169321368449	0.00719377653033007	0.0756447708979249	0.014498516423627735	0.009525154175965958	0.17216688886284828	0.025957508720457555	0.0026464692302856684	0.013494759099557996
T[T>A]A	0.0011538331938841303	0.018065527947619557	0.022648945320397615	0.0025932261368143373	0.007900050381722394	0.01412930381949991	0.003410085305804387	0.007168219042941928	0.014947702765930444	0.0032462588779162615
T[T>A]C	0.0010788261319794401	0.007977162911556661	0.005761932914610952	0.0010870792397525975	0.005561339993728325	0.00970155505463481	0.0015633631476521259	0.004267874723300338	0.005311197293254963	0.004591054364573211
T[T>A]G	0.004153860686346889	0.01564674314111471	0.011517216260544956	0.0013240750785917044	0.004979174287291244	0.004005132107995451	0.0021932754979934544	0.002188363218156155	0.007249262303521391	0.0019905688462313266
T[T>A]T	0.0011214475917131494	0.010431528897024691	0.013439869727008044	0.0023033343820134176	0.01352311136899516	0.0239148713927716	0.0019521625158940587	0.005141217694617808	0.012849427836481481	0.013072610152885317
T[T>C]A	0.005385217673610896	0.0006105620744873394	0.03745905181393027	0.0038527370273368435	0.011966576445847749	0.00530712803651113	0.0019359731761535034	0.012078780392184853	0.01497948200092651	0.008143480685539543
T[T>C]C	0.001194836827198742	0.0002887378831019305	0.006952862716279924	0.0016084637062158435	0.008250589307863265	0.008744080427568406	0.0007086512595378735	0.010691737085580825	0.0028854562877677382	0.014560465482063592
T[T>C]G	0.0015985330325716213	0.00092287758894681	0.004670396456179986	0.000728037393836788	0.005394724527675403	0.005327590910145051	0.0018619413322835806	0.002753967702290504	0.10988356530666352	0.006749749326845631
T[T>C]T	0.001316592225646289	0.0009209345345516348	0.024155020117759704	0.002940329344710335	0.010761883102823049	0.011886451384052634	0.002087648642191198	0.015089916996657848	0.008690149574540555	0.017516379691660405
T[T>G]A	0.00032306511676708513	0.0006027250772967818	0.0070521115022711455	0.0006006738594624039	0.007810551633592695	0.0063796872762031855	0.0022599788359366356	0.0033303421153686942	0.005055114824790508	0.004573325796518475
T[T>G]C	0.0001175594173946827	0.0002737807846904161	0.0029010085656773297	0.0005711438432626891	0.0031417842826340346	0.003977590429130941	0.0011906253136112356	0.003983761488925665	0.001353770626883488	0.012111863435711712
T[T>G]G	0.0009126864721474703	0.0038388220383785664	0.004170331416535191	0.00113357092050137	0.009041092227998888	0.005994187087053433	0.0017031494830735028	0.0035379823914263395	0.004036031932919286	0.006014117697486654
T[T>G]T	0.00045630023689094564	0.0005493656952320942	0.0066169739165343345	0.0011149652205313032	0.0068759412798681295	0.012938526426441967	0.002817296123394044	0.00869290376547724	0.0057355797209311275	0.11513651560992003
