Samples	SBS1	SBS2	SBS3	SBS4	SBS5	SBS13	SBS17a	SBS17b	SBS18	SBS22a	SBS22b	SBS28	SBS33	SBS40a	SBS92	SBS100	SBS109
LUAD.US_SP50827	433	1435	0	17853	8982	1033	0	0	0	0	0	0	0	0	0	11983	0
LUAD.US_SP50263	1194	519	3467	0	3287	604	0	0	1363	0	0	0	0	0	0	0	0
LUAD.US_SP50317	349	2678	0	0	4891	4754	0	0	3636	0	0	0	0	0	0	0	0
LUAD.US_SP54113	252	5550	20731	35218	10912	5011	0	0	0	0	0	0	0	0	12138	25975	0
LUSC.US_SP56537	144	0	0	0	10739	0	0	0	0	0	0	0	0	0	7133	24410	0
LUAD.US_SP50406	149	0	0	0	125	0	0	0	0	0	0	0	0	315	0	0	0
LUSC.US_SP57586	298	0	10060	10652	6424	0	0	0	3969	0	0	0	0	0	5719	0	0
LUAD.US_SP51824	540	2127	0	10519	9731	2121	0	0	0	0	0	0	0	0	0	0	0
LUAD.US_SP55387	85	0	0	8331	2949	0	0	0	0	0	0	0	0	0	2589	7163	0
LUAD.US_SP52779	440	1993	0	17258	8042	1711	0	0	0	0	0	0	0	0	0	10522	0
LUSC.US_SP56541	339	3284	0	13668	11432	6117	0	0	0	0	0	0	0	0	0	10416	0
LUSC.US_SP56553	980	23417	23134	27687	18560	42337	0	0	0	0	0	0	0	0	0	0	0
LUAD.US_SP55235	490	4808	19404	67634	22514	3151	0	0	0	0	0	0	0	0	0	0	0
LUAD.US_SP50713	229	2020	2255	4897	2535	2498	0	0	0	0	0	0	0	0	0	0	0
LUSC.US_SP56771	336	463	0	0	7949	386	0	0	0	0	0	0	0	0	0	3413	0
LUSC.US_SP57941	139	0	0	30357	20899	0	0	0	0	0	0	0	0	0	0	27444	0
LUAD.US_SP50611	511	0	7982	22997	5792	0	0	0	0	0	0	0	0	0	0	18602	0
LUSC.US_SP57818	268	2049	0	22383	7412	2830	0	0	0	0	0	0	0	0	0	17955	0
LUAD.US_SP50485	389	0	0	0	893	0	0	0	0	0	0	0	0	1054	0	0	0
LUSC.US_SP56460	260	4262	0	0	13161	3038	0	0	0	0	0	0	0	0	0	10344	0
LUSC.US_SP56474	766	2691	7245	0	4240	3487	0	0	0	0	0	0	0	0	0	0	0
LUAD.US_SP51037	852	0	0	0	1125	0	0	0	0	0	0	0	0	1457	0	0	861
LUSC.US_SP56704	43	0	10468	25416	10961	0	0	0	0	0	0	0	0	0	8227	0	0
LUAD.US_SP55142	0	12708	0	86651	48246	17149	0	0	0	0	0	0	0	0	0	0	0
LUSC.US_SP56533	119	0	0	0	13255	0	0	0	0	0	0	0	0	0	0	9035	0
LUSC.US_SP56730	202	0	9810	0	5123	0	0	0	0	0	0	0	0	0	8194	13715	0
LUSC.US_SP59245	139	6404	0	24205	19034	7301	0	0	0	0	0	0	0	0	0	0	0
LUAD.US_SP53387	226	8659	0	18969	3891	3645	0	0	0	0	0	0	0	8337	0	0	0
LUSC.US_SP57024	257	750	0	0	10959	986	0	0	0	1815	0	0	0	0	0	9275	0
LUAD.US_SP54745	370	9623	0	9029	9357	7096	3616	6780	0	0	0	2591	0	0	0	0	0
LUSC.US_SP57933	334	3412	17188	0	10452	5279	0	0	0	0	0	0	0	0	0	22558	0
LUSC.US_SP56754	230	2004	0	0	12244	2808	0	0	0	0	0	0	0	0	0	14423	0
LUSC.US_SP56827	84	1481	0	14847	14534	2741	0	0	0	0	0	0	0	0	0	13459	0
LUAD.US_SP52284	376	0	0	0	1240	0	0	0	0	0	0	0	0	3659	0	0	0
LUAD.US_SP53618	210	0	0	30027	12645	0	0	0	0	0	0	0	0	0	0	20978	0
LUAD.US_SP52232	352	0	4550	17102	5017	0	0	0	0	0	0	0	0	0	0	0	0
LUAD.US_SP50412	211	0	0	0	1272	0	0	0	0	0	0	0	0	0	0	0	632
LUSC.US_SP57084	174	2294	0	0	18874	2051	0	0	0	3335	0	0	0	0	0	17069	0
LUAD.US_SP50321	202	0	0	8294	1177	0	0	0	0	0	0	0	0	3488	0	0	0
LUAD.US_SP53548	221	0	0	0	4410	0	1026	1668	0	0	0	2820	0	0	0	0	0
LUSC.US_SP57538	402	1183	8511	0	6613	2452	0	0	0	0	3731	0	0	0	7360	10820	0
LUSC.US_SP57735	481	2071	13147	0	802	2572	0	0	0	0	0	0	0	0	9711	16852	0
LUSC.US_SP57669	501	0	17411	0	1573	0	0	0	0	0	0	0	0	0	10148	23533	0
LUSC.US_SP56566	361	5830	0	0	6548	5620	0	0	0	0	0	0	0	0	0	5242	0
LUSC.US_SP56569	338	1531	11199	0	1720	1991	0	0	0	0	0	0	0	0	6328	13373	0
LUSC.US_SP58342	1836	3984	0	0	20878	6326	0	0	0	6304	0	0	6653	0	0	29975	0
LUSC.US_SP58349	398	0	17556	0	7240	0	0	0	0	0	0	0	0	0	7316	15838	0
LUSC.US_SP56644	225	2078	0	0	7421	2023	0	0	0	0	0	0	0	0	7413	20160	10601
LUSC.US_SP57629	63	0	0	0	11480	0	0	0	5357	0	0	0	0	9249	0	5659	0
LUSC.US_SP56941	395	1406	0	0	1738	1851	0	0	0	0	0	0	0	0	0	0	0
LUSC.US_SP57619	5	0	0	0	11540	0	0	0	0	0	0	0	0	0	9121	36656	0
LUSC.US_SP58245	436	0	19227	0	2458	0	0	0	0	0	0	0	0	0	16509	22962	0
LUSC.US_SP57251	0	3616	0	0	22291	3958	0	0	0	4192	0	0	0	0	0	20180	0
LUAD.US_SP55004	80	0	0	0	414	0	0	0	76	0	0	0	0	0	0	0	0
LUAD.US_SP56079	113	0	0	33549	5549	0	0	0	0	0	0	0	0	10992	0	0	0
LUSC.US_SP56502	150	2927	0	21157	18741	4019	0	0	0	0	0	0	0	0	0	0	0
LUSC.US_SP58668	185	2681	13688	0	6060	2731	0	0	0	6419	0	0	0	0	11728	24392	0
LUSC.US_SP58101	240	0	14327	0	3131	0	0	0	0	0	0	0	0	0	10865	12563	0
LUSC.US_SP58991	160	1190	7069	6274	5739	654	0	0	4290	0	0	0	0	0	3836	0	0
LUSC.US_SP56607	106	748	0	0	10231	738	0	0	0	1683	0	0	0	0	0	8245	0
LUAD.US_SP56168	436	11548	0	0	4174	9801	0	0	0	0	0	0	0	7410	0	0	0
LUSC.US_SP58326	0	0	0	0	16902	0	0	0	0	6347	0	0	0	0	11111	39164	0
LUAD.US_SP54363	305	4782	0	12257	5695	3846	0	0	0	0	0	0	0	0	0	12796	4883
LUAD.US_SP53810	403	0	0	171588	18662	0	0	0	0	0	0	0	0	0	0	0	0
LUAD.US_SP50518	656	0	0	0	1643	0	0	0	0	0	0	0	0	4092	0	0	0
LUAD.US_SP56303	530	0	0	0	2484	806	0	0	5733	0	0	0	0	6384	0	0	0
LUSC.US_SP57267	0	0	0	0	14216	0	0	0	0	0	0	0	0	0	11634	27750	0
LUAD.US_SP55711	646	763	0	0	1715	728	0	0	0	0	0	0	0	4077	0	0	0
LUSC.US_SP57066	196	2099	9832	25910	13510	2367	0	0	5746	0	0	0	0	0	0	0	0
LUSC.US_SP57901	114	0	0	0	16828	0	0	0	0	0	0	0	0	0	0	13196	0
LUAD.US_SP55509	33	0	0	25683	15838	0	0	0	0	0	0	0	0	0	0	26938	0
LUSC.US_SP57651	394	1039	4269	0	3899	1328	0	0	0	1259	0	0	0	0	2078	4456	0
LUAD.US_SP55309	399	0	0	0	582	0	0	0	0	0	0	0	0	831	0	0	0
LUAD.US_SP52607	624	443	0	638	2023	308	0	0	0	0	0	0	0	0	0	0	0
LUAD.US_SP52667	153	0	0	26180	8458	0	0	0	0	0	0	0	0	0	0	0	0
LUSC.US_SP57450	719	4826	0	0	8696	6443	0	0	0	0	0	0	0	0	0	4790	0
LUSC.US_SP57846	389	8628	0	20288	16238	9544	0	0	0	0	0	0	0	0	0	0	0
LUSC.US_SP58612	1080	0	0	0	9627	0	0	0	0	0	0	0	1845	0	5158	11463	0
LUSC.US_SP56821	254	0	0	16216	15548	0	0	0	0	0	0	0	0	0	0	0	0
LUAD.US_SP51446	667	0	0	0	1268	0	0	0	0	0	0	0	0	3723	0	0	0
LUAD.US_SP50592	755	0	0	0	1832	0	0	0	0	0	0	0	0	2525	0	0	0
LUAD.US_SP53073	135	0	0	12562	9140	0	670	1740	0	0	0	0	0	0	0	0	0
LUSC.US_SP58882	179	936	0	0	16486	1851	0	0	0	0	0	0	0	0	0	5199	0
LUSC.US_SP57189	0	3938	0	41122	23124	5982	0	0	0	0	0	0	0	0	12924	31419	0
