Samples	SBS96A	SBS96B	SBS96C	SBS96D	SBS96E	SBS96F	SBS96G	SBS96H	SBS96I	SBS96J
Biliary-AdenoCA::SP99325	1197	2818	3494	66410	0	101188	0	13585	14566	3271
Bladder-TCC::SP1059	0	596	0	0	10839	4407	790	17524	1378	23651
Bladder-TCC::SP96136	4548	716	500	1536	528	5216	709	8057	1392	28694
Breast-AdenoCA::SP117369	5218	0	0	310	0	253	7	0	0	49866
Breast-AdenoCA::SP2293	3919	380	0	513	0	0	0	0	0	60253
CNS-GBM::SP25494	22325	0	4973	0	794	0	202	0	216749	0
ColoRect-AdenoCA::SP18310	0	0	11235	78107	0	13182	1425	4148	0	130
ColoRect-AdenoCA::SP17172	0	0	10675	76236	0	23418	6379	7134	0	520
ColoRect-AdenoCA::SP96133	517	1369	4724	39698	6800	15233	4744	6343	1429	491
ColoRect-AdenoCA::SP110242	390	981	3999	54957	16424	27903	3349	0	5652	320
ColoRect-AdenoCA::SP21017	691	1635	4312	52561	8258	13945	3458	463	2739	372
ColoRect-AdenoCA::SP22383	0	1452	1498	43872	8125	27797	7970	493	6003	268
ColoRect-AdenoCA::SP81312	22683	541659	132316	99866	0	0	0	0	0	10963
ColoRect-AdenoCA::SP22031	2596	221586	2662	6876	0	0	0	0	0	511
ColoRect-AdenoCA::SP19215	128	0	639	38140	4150	42824	3337	0	5631	55
ColoRect-AdenoCA::SP16886	0	770209	0	0	0	0	49218	29855	0	0
ColoRect-AdenoCA::SP19295	3673	234266	0	14165	0	0	0	0	6508	1255
ColoRect-AdenoCA::SP17905	0	1800181	0	0	15368	186875	213076	191013	26104	0
ColoRect-AdenoCA::SP18121	0	868	0	41111	2726	79793	0	6138	29345	1158
ColoRect-AdenoCA::SP21400	15962	477145	109383	86202	0	69395	32021	0	0	2932
ColoRect-AdenoCA::SP18946	11814	789278	0	62859	22515	51474	10124	0	12749	0
ColoRect-AdenoCA::SP80615	0	2004083	0	0	0	91442	209495	109425	12024	0
Eso-AdenoCA::SP111058	0	0	0	372	1577	0	59931	0	816	1287
Eso-AdenoCA::SP111066	0	221	932	17	2898	4492	61287	1203	558	8051
Eso-AdenoCA::SP111113	649	905	0	933	3727	1161	66770	2016	1677	1302
Eso-AdenoCA::SP110865	1165	623	541	2669	4788	3100	19103	13759	1393	8610
Eso-AdenoCA::SP23502	1288	1491	2180	1796	249	4571	51721	7511	308	3356
Eso-AdenoCA::SP111001	1950	723	1958	6368	2997	0	39916	2297	0	3253
Eso-AdenoCA::SP111173	1649	3744	1381	0	0	13385	74642	8474	840	1479
Eso-AdenoCA::SP111091	1731	398	815	879	1385	2908	34346	7814	318	3984
Eso-AdenoCA::SP111175	324	1242	0	4835	13759	0	99972	0	947	2894
Eso-AdenoCA::SP111114	364	1249	1985	6060	2165	674	34510	5005	0	5597
Head-SCC::SP30113	425	97	404	162	47454	4798	366	23427	4588	5902
Head-SCC::SP30332	634	382	688	691	25122	3435	251	15069	2985	3250
Head-SCC::SP30675	163	238	623	256	34584	3865	273	14819	3867	4497
Liver-HCC::SP98090	54	712	3532	0	0	16028	519	39031	2942	868
Lung-AdenoCA::SP53460	967	366	594	524	37925	0	290	8530	1796	2542
Lung-AdenoCA::SP54113	984	0	831	228	63002	6040	1566	19977	5965	11734
Lung-AdenoCA::SP55235	2870	0	2677	1236	70259	3990	2675	18388	4100	7608
Lung-AdenoCA::SP50611	615	0	1105	1182	42288	0	109	4114	2014	1977
Lung-AdenoCA::SP55142	859	589	2741	848	80629	7392	1629	26465	7081	28810
Lung-AdenoCA::SP53618	1116	0	624	843	49274	954	148	4501	2127	1735
Lung-AdenoCA::SP53810	2769	0	1120	3916	167597	0	403	4166	3700	1913
Lung-AdenoCA::SP55509	984	71	320	801	51003	1510	131	5481	2174	3660
Lung-SCC::SP56553	0	819	0	366	36970	3682	771	25976	1673	63625
Lung-SCC::SP57941	872	492	499	926	54365	2345	318	9989	2574	3122
Lung-SCC::SP57818	516	446	178	946	37734	19	102	3565	1799	4794
Lung-SCC::SP56704	522	0	544	0	28381	4085	325	14186	3454	2251
Lung-SCC::SP59245	1013	317	64	676	22402	2556	1177	11740	2141	13034
Lung-SCC::SP57933	0	484	0	751	26845	2217	327	15338	2289	9296
Lung-SCC::SP57669	348	424	4	473	26514	4625	321	13738	1694	2581
Lung-SCC::SP58342	172	294	1690	3142	32859	9899	0	13315	1529	11324
Lung-SCC::SP57619	463	439	0	592	33126	3484	146	10085	2479	2968
Lung-SCC::SP58245	0	347	1229	168	27068	5925	183	17348	2731	4178
Lung-SCC::SP57251	839	539	0	8	19665	4424	169	15947	2757	7755
Lung-SCC::SP58668	300	305	933	0	29350	4502	295	20927	3054	6304
Lung-SCC::SP58326	508	455	607	135	40666	5007	20	17578	3224	3325
Lung-SCC::SP57267	544	460	0	352	26203	4966	169	12906	2605	3186
Lung-SCC::SP57066	746	774	202	901	31997	2934	84	13296	2322	4657
Lung-SCC::SP57846	1110	213	704	883	19673	3126	91	9240	1576	17348
Lung-SCC::SP57189	748	632	0	0	68854	7301	56	21547	4104	10604
Lymph-BNHL::SP116668	349	2504	54	1167	0	4747	42426	12615	2369	670
Lymph-BNHL::SP116697	2853	12000	0	9739	1396	9916	17955	36645	9813	12212
Panc-AdenoCA::SP125732	0	0	5411	48659	0	32299	9376	0	0	0
Panc-AdenoCA::SP125770	54	880	1453	4564	10389	34575	2201	0	108	1230
Skin-Melanoma::SP124389	55088	0	13795	0	156	0	0	0	510	1324
Skin-Melanoma::SP124362	183504	0	23814	0	596	0	73	648	6175	0
Skin-Melanoma::SP124394	92545	0	9251	0	200	1441	120	0	2319	0
Skin-Melanoma::SP124334	66230	0	12728	0	844	388	865	5311	1257	141
Skin-Melanoma::SP124454	49475	0	4092	452	2064	320	319	1031	1003	59
Skin-Melanoma::SP124380	119014	0	33570	0	0	0	1217	3079	3146	2945
Skin-Melanoma::SP124399	119483	0	14174	0	0	2156	662	7213	687	0
Skin-Melanoma::SP124311	62843	0	29905	0	0	1551	1182	10792	3106	0
Skin-Melanoma::SP124434	58945	0	17623	0	1185	0	145	0	3901	3462
Skin-Melanoma::SP124428	254503	0	44623	0	78	0	0	1113	1191	4181
Skin-Melanoma::SP124449	125015	0	2127	0	989	2630	382	4386	2458	0
Skin-Melanoma::SP124298	244714	0	109822	0	0	0	0	0	12180	0
Skin-Melanoma::SP124431	54927	0	29655	0	2557	96	148	0	5269	0
Skin-Melanoma::SP124409	232046	0	0	0	0	2200	691	10737	0	0
Skin-Melanoma::SP124376	42676	70	8537	0	214	132	0	212	1679	1648
Skin-Melanoma::SP124439	217596	0	76533	0	0	0	1446	0	10472	13636
Skin-Melanoma::SP124406	50808	0	13436	0	4454	0	2351	0	2488	217
Skin-Melanoma::SP124382	326514	0	137146	0	2174	0	1362	4651	7114	0
Skin-Melanoma::SP124415	676958	0	68584	0	0	0	5281	32578	15920	59857
Skin-Melanoma::SP124436	255188	0	17955	0	5133	8623	2149	26375	3392	0
Skin-Melanoma::SP124460	137502	24	20224	0	494	1470	2064	2200	0	0
Skin-Melanoma::SP124425	65424	0	17327	0	279	0	808	6086	1594	0
Skin-Melanoma::SP124367	113245	0	24148	0	1267	0	9482	2395	5430	0
Skin-Melanoma::SP124377	37469	0	17963	0	585	0	242	1568	3065	127
Skin-Melanoma::SP124412	58098	0	9126	0	7442	1480	207	0	935	0
Skin-Melanoma::SP124329	42737	10	4692	0	0	795	239	2672	581	0
Skin-Melanoma::SP124326	48674	0	7311	0	3105	680	69	0	1451	0
Skin-Melanoma::SP124458	117396	0	36840	0	1170	207	517	1445	3936	0
Skin-Melanoma::SP124401	300784	0	101150	0	3741	0	1542	0	28748	0
Skin-Melanoma::SP124384	111161	0	35909	12525	1328	4477	241	6361	5145	635
Skin-Melanoma::SP124462	89914	0	17460	0	438	1538	235	2236	2350	0
Skin-Melanoma::SP124452	68223	0	18091	0	472	144	63	725	4191	0
Skin-Melanoma::SP124386	94747	0	17447	0	520	752	0	220	2149	0
Skin-Melanoma::SP124418	84760	0	11412	0	2383	942	497	7082	305	0
Skin-Melanoma::SP124319	174963	0	20158	0	0	0	403	4103	792	4882
Skin-Melanoma::SP124447	287972	0	122682	0	0	0	1969	12153	5926	13389
Skin-Melanoma::SP124369	107359	0	26222	0	20	0	0	1629	5227	0
Skin-Melanoma::SP124365	54750	0	10794	0	1088	1170	510	5605	1153	466
Skin-Melanoma::SP124420	57769	0	9140	0	163	406	0	2000	1666	0
Skin-Melanoma::SP124364	82261	297	18016	0	1641	852	342	4007	1998	0
Skin-Melanoma::SP124307	100120	0	12959	0	962	257	176	3453	3261	322
Skin-Melanoma::SP82445	549337	0	120554	0	0	0	4890	20657	0	49115
Skin-Melanoma::SP83242	43989	0	17044	0	9417	0	157	0	2641	0
Skin-Melanoma::SP103894	114019	0	34156	0	30	474	989	5505	4081	95
Skin-Melanoma::SP83382	39833	0	14961	0	0	0	0	10	1902	2176
Skin-Melanoma::SP82451	30980	0	10943	356	3677	1289	144	1844	2221	79
Skin-Melanoma::SP83312	39605	0	12098	0	846	0	371	2260	1854	708
Skin-Melanoma::SP82614	39625	0	13877	0	402	174	245	1468	1653	0
Skin-Melanoma::SP82431	202169	0	132127	0	0	0	6501	19410	169	12972
Skin-Melanoma::SP82459	63918	0	8231	0	682	1906	230	944	2375	0
Skin-Melanoma::SP82532	93110	0	100954	0	0	0	0	0	16946	1879
Skin-Melanoma::SP83482	48752	0	13203	0	1214	0	1166	1808	2490	50
Skin-Melanoma::SP104530	46082	250	8437	326	4718	897	427	6572	3245	408
Skin-Melanoma::SP82644	209034	0	21370	0	0	1550	374	4341	3844	0
Skin-Melanoma::SP82988	73581	336	8975	1174	0	439	192	853	0	6873
Skin-Melanoma::SP82461	58918	0	21813	0	754	0	220	259	2755	0
Skin-Melanoma::SP82900	216621	0	29421	0	0	0	2018	6967	7606	17181
Skin-Melanoma::SP82399	89844	0	18182	0	1364	1866	566	1424	3049	0
Skin-Melanoma::SP82417	212357	0	33545	0	0	319	0	0	4143	381
Skin-Melanoma::SP104056	227533	0	74287	0	0	14121	1803	16260	0	0
Skin-Melanoma::SP83083	48361	0	21096	0	0	0	249	1508	2592	1871
Skin-Melanoma::SP83019	72153	0	20271	0	213	289	279	609	2305	2004
Skin-Melanoma::SP83146	275679	0	53043	0	0	0	503	1434	0	17227
Skin-Melanoma::SP103866	74013	0	15532	0	0	781	522	3109	930	0
Skin-Melanoma::SP83844	40120	27	11696	0	135	640	266	1395	1379	1529
Stomach-AdenoCA::SP135287	370	684	5159	41317	0	17277	1742	0	0	25
Stomach-AdenoCA::SP85122	0	355	7591	50477	0	17712	2163	2128	0	233
Stomach-AdenoCA::SP84384	1405	0	4072	70326	0	34696	2941	0	4545	452
Stomach-AdenoCA::SP84491	484	1551	1682	2680	0	1092	46832	8597	411	1378
Stomach-AdenoCA::SP84743	1268	2217	1255	2799	737	755	33652	13428	181	3714
Stomach-AdenoCA::SP84982	165	355	606	20126	5504	19500	14843	0	2758	186
Stomach-AdenoCA::SP84392	375	1247	2375	39893	4675	41504	5514	2705	5941	391
Stomach-AdenoCA::SP105018	0	1114	256	3559	13739	0	1952	27795	2355	8034
Stomach-AdenoCA::SP84439	227	6086	148	105062	17227	172321	10776	32650	42759	1959
Stomach-AdenoCA::SP84922	472	1934	959	1636	196	2567	53241	4288	355	2381
Uterus-AdenoCA::SP90209	0	12742	0	452536	0	0	0	0	84651	0
Uterus-AdenoCA::SP93540	0	0	287	31609	1331	19478	104	6913	5687	288
Uterus-AdenoCA::SP93227	0	95104	0	474098	200341	45145	0	0	113530	0
Uterus-AdenoCA::SP94933	329	1344	2508	3836	0	38217	1419	13662	947	180
Uterus-AdenoCA::SP92364	191	1211	0	10909	0	91447	1300	7165	3128	0
Uterus-AdenoCA::SP92659	0	268105	0	0	14157	0	0	0	0	0
