Samples	SBS96A	SBS96B	SBS96C	SBS96D	SBS96E	SBS96F	SBS96G	SBS96H	SBS96I	SBS96J
Biliary-AdenoCA::SP99325	7.37E+01	5.98E+01	1.34E+03	9.47E+02	4.82E+01	3.73E+02	2.22E+01	1.17E+02	1.75E+02	1.90E+01
Bladder-TCC::SP1059	1.65E+01	1.90E+01	3.90E+01	3.54E+00	1.57E+02	6.01E+01	9.44E+00	1.51E+02	3.40E+01	3.56E+01
Bladder-TCC::SP96136	5.26E+01	1.94E+01	7.23E+01	4.77E+01	5.75E+01	3.72E+01	7.59E+00	8.04E+01	1.82E+01	5.02E+01
Breast-AdenoCA::SP117369	5.25E+01	3.39E+00	4.42E+00	2.11E+01	1.21E+01	6.00E+00	1.11E+00	1.37E+01	4.96E+00	6.59E+01
Breast-AdenoCA::SP2293	5.52E+01	1.10E+01	1.67E+01	2.77E+01	1.22E+01	2.41E+00	1.40E+00	2.80E-01	0.00E+00	6.66E+01
CNS-GBM::SP25494	3.52E+02	1.86E+01	2.69E+02	2.09E+02	5.44E+01	4.20E+01	1.09E+01	1.57E+02	2.34E+02	1.24E+01
ColoRect-AdenoCA::SP18310	1.10E+02	5.20E+01	2.35E+03	2.33E+03	4.20E+01	2.31E+02	1.76E+01	9.03E+01	8.21E+01	9.17E+00
ColoRect-AdenoCA::SP17172	1.13E+02	5.77E+01	2.08E+03	2.06E+03	4.21E+01	2.31E+02	2.11E+01	1.15E+02	5.54E+01	1.25E+01
ColoRect-AdenoCA::SP96133	5.84E+01	2.62E+01	1.03E+03	9.96E+02	4.31E+01	1.35E+02	1.56E+01	5.53E+01	4.15E+01	1.22E+01
ColoRect-AdenoCA::SP110242	8.96E+01	2.68E+01	1.26E+03	1.15E+03	2.64E+01	1.93E+02	1.99E+01	7.96E+00	4.69E+01	1.23E+01
ColoRect-AdenoCA::SP21017	8.02E+01	1.73E+01	9.29E+02	8.92E+02	3.39E+01	1.45E+02	1.51E+01	7.14E+01	4.41E+01	1.08E+01
ColoRect-AdenoCA::SP22383	3.93E+01	2.14E+01	8.02E+02	6.50E+02	3.29E+01	1.67E+02	2.34E+01	4.98E+01	6.07E+01	8.71E+00
ColoRect-AdenoCA::SP81312	1.76E+03	1.34E+04	1.77E+04	2.88E+03	3.26E+01	2.77E+02	0.00E+00	1.87E+01	4.61E+02	6.86E+00
ColoRect-AdenoCA::SP22031	7.14E+01	2.16E+03	2.41E+03	2.02E+02	4.80E+01	2.03E+01	2.92E+01	3.53E+01	4.03E+01	4.12E+00
ColoRect-AdenoCA::SP19215	2.02E+01	1.22E+00	1.05E+03	8.47E+02	2.38E+01	2.21E+02	2.21E+01	7.16E+00	6.33E+01	9.27E+00
ColoRect-AdenoCA::SP16886	2.21E+02	5.63E+03	5.55E+03	1.72E+02	2.27E+02	2.08E+02	1.79E+02	8.70E+01	1.54E+02	1.22E+01
ColoRect-AdenoCA::SP19295	1.65E+02	2.63E+03	3.12E+03	3.34E+02	2.85E+01	4.45E+00	2.82E+01	2.92E+01	5.68E+01	6.20E+00
ColoRect-AdenoCA::SP17905	7.56E+02	1.17E+04	1.08E+04	2.52E+03	7.65E+02	1.21E+03	7.35E+02	8.75E+02	1.68E+02	0.00E+00
ColoRect-AdenoCA::SP18121	8.00E+01	2.99E+01	5.64E+02	2.14E+02	8.30E+01	2.95E+02	2.45E+01	1.57E+02	2.77E+02	1.32E+01
ColoRect-AdenoCA::SP21400	1.19E+03	1.09E+04	1.45E+04	2.39E+03	0.00E+00	6.53E+02	8.17E+01	2.86E+01	4.49E+02	1.24E+01
ColoRect-AdenoCA::SP18946	4.01E+02	8.46E+03	9.80E+03	1.80E+03	2.01E+02	1.35E+02	9.64E+01	5.25E+01	2.32E+02	1.40E+01
ColoRect-AdenoCA::SP80615	2.07E+02	1.54E+04	1.56E+04	2.34E+03	5.76E+02	9.30E+02	5.90E+02	3.28E+02	1.45E+02	2.88E+01
Eso-AdenoCA::SP111058	1.02E+01	1.12E+01	2.64E+01	2.05E+01	1.68E+01	3.69E+01	2.95E+01	3.32E+01	1.60E+01	9.82E+00
Eso-AdenoCA::SP111066	1.84E+01	1.20E+01	2.17E+01	2.48E+01	1.90E+01	5.23E+01	3.93E+01	3.38E+01	1.70E+01	1.64E+01
Eso-AdenoCA::SP111113	1.99E+01	1.23E+01	1.78E+01	2.71E+01	2.42E+01	4.08E+01	3.06E+01	5.91E+01	2.70E+01	1.19E+01
Eso-AdenoCA::SP110865	2.40E+01	2.01E+01	9.17E+01	6.84E+01	8.86E+01	4.60E+01	2.74E+01	9.99E+01	2.49E+01	3.04E+01
Eso-AdenoCA::SP23502	3.16E+01	1.64E+01	7.82E+01	7.45E+01	2.75E+01	3.96E+01	3.07E+01	3.44E+01	1.73E+01	1.44E+01
Eso-AdenoCA::SP111001	3.70E+01	2.47E+01	1.68E+02	1.98E+02	3.53E+01	0.00E+00	2.65E+01	4.28E+01	1.58E+01	1.65E+01
Eso-AdenoCA::SP111173	3.61E+01	1.14E+01	4.41E+01	2.56E+01	1.60E+00	7.25E+01	4.35E+01	4.30E+01	2.30E+01	1.48E+01
Eso-AdenoCA::SP111091	1.92E+01	1.33E+01	5.30E+01	3.02E+01	2.48E+01	3.03E+01	2.63E+01	3.92E+01	1.39E+01	1.69E+01
Eso-AdenoCA::SP111175	2.67E+01	3.02E+01	8.33E+01	6.60E+01	7.33E+01	5.97E+01	4.85E+01	9.61E+01	2.68E+01	2.26E+01
Eso-AdenoCA::SP111114	2.18E+01	2.83E+01	1.72E+02	1.93E+02	4.01E+01	2.35E+01	3.10E+01	4.11E+01	1.56E+01	1.85E+01
Head-SCC::SP30113	3.50E+01	6.62E+00	5.43E+01	2.29E+01	4.34E+02	7.68E+01	1.12E+01	4.16E+02	8.78E+01	5.91E+01
Head-SCC::SP30332	3.02E+01	1.20E+01	5.35E+01	3.40E+01	2.52E+02	5.21E+01	7.61E+00	2.44E+02	4.71E+01	3.55E+01
Head-SCC::SP30675	2.71E+01	1.13E+01	4.66E+01	2.23E+01	3.00E+02	5.30E+01	7.41E+00	2.84E+02	6.11E+01	3.99E+01
Liver-HCC::SP98090	8.41E+01	4.96E+01	2.60E+02	8.75E+01	1.18E+02	1.43E+02	1.68E+01	1.09E+02	5.73E+01	5.98E+01
Lung-AdenoCA::SP53460	4.80E+01	1.38E+01	4.72E+01	4.07E+01	2.59E+02	2.44E+01	5.33E+00	2.27E+02	7.15E+01	4.01E+01
Lung-AdenoCA::SP54113	5.06E+01	8.09E+00	4.48E+01	3.87E+01	5.04E+02	6.18E+01	1.13E+01	4.74E+02	1.15E+02	6.95E+01
Lung-AdenoCA::SP55235	9.64E+01	2.07E+01	9.81E+01	2.59E+01	5.25E+02	6.39E+01	1.32E+01	4.75E+02	1.13E+02	6.96E+01
Lung-AdenoCA::SP50611	5.03E+01	1.48E+01	4.71E+01	2.71E+01	2.58E+02	2.38E+01	4.13E+00	2.27E+02	6.65E+01	4.15E+01
Lung-AdenoCA::SP55142	7.73E+01	3.20E+01	9.79E+01	6.40E+01	6.20E+02	9.13E+01	1.26E+01	5.92E+02	1.44E+02	7.77E+01
Lung-AdenoCA::SP53618	5.76E+01	1.60E+01	4.03E+01	2.91E+01	2.88E+02	2.81E+01	5.13E+00	2.66E+02	8.66E+01	4.73E+01
Lung-AdenoCA::SP53810	1.56E+02	5.29E+01	1.01E+02	1.52E+02	8.76E+02	0.00E+00	0.00E+00	7.71E+02	2.91E+02	1.43E+02
Lung-AdenoCA::SP55509	5.26E+01	1.65E+01	3.84E+01	3.98E+01	3.04E+02	2.69E+01	4.52E+00	2.81E+02	8.84E+01	4.81E+01
Lung-SCC::SP56553	0.00E+00	2.14E+01	7.10E+01	3.06E+01	3.43E+02	8.59E+01	1.22E+01	3.21E+02	6.11E+01	5.68E+01
Lung-SCC::SP57941	5.21E+01	1.87E+01	3.73E+01	2.97E+01	3.55E+02	3.54E+01	8.06E+00	3.32E+02	9.31E+01	5.22E+01
Lung-SCC::SP57818	3.99E+01	1.37E+01	3.09E+01	3.57E+01	2.16E+02	2.14E+01	4.04E+00	1.99E+02	7.03E+01	3.60E+01
Lung-SCC::SP56704	2.63E+01	0.00E+00	4.16E+01	1.43E+01	2.58E+02	4.67E+01	6.51E+00	2.48E+02	4.89E+01	3.40E+01
Lung-SCC::SP59245	2.07E+01	1.16E+01	3.50E+01	1.34E+01	2.02E+02	4.09E+01	1.01E+01	2.00E+02	4.78E+01	3.53E+01
Lung-SCC::SP57933	8.36E+00	1.43E+01	1.64E+01	3.23E+01	2.49E+02	4.99E+01	7.10E+00	2.48E+02	6.32E+01	3.45E+01
Lung-SCC::SP57669	2.17E+01	1.56E+01	3.22E+01	1.90E+01	2.36E+02	4.78E+01	6.91E+00	2.28E+02	5.42E+01	3.31E+01
Lung-SCC::SP58342	4.60E+01	1.46E+01	1.40E+02	1.23E+02	2.80E+02	4.82E+01	5.27E+00	2.49E+02	5.57E+01	3.82E+01
Lung-SCC::SP57619	2.41E+01	1.30E+01	2.14E+01	2.52E+01	2.48E+02	3.65E+01	5.10E+00	2.48E+02	6.73E+01	3.64E+01
Lung-SCC::SP58245	3.25E+01	1.10E+01	7.11E+01	2.33E+01	2.73E+02	6.05E+01	6.48E+00	2.54E+02	4.78E+01	3.91E+01
Lung-SCC::SP57251	1.75E+01	1.61E+01	3.70E+01	1.81E+01	2.10E+02	5.63E+01	8.13E+00	2.21E+02	4.33E+01	3.41E+01
Lung-SCC::SP58668	2.56E+01	1.95E+01	5.02E+01	2.29E+00	3.14E+02	7.06E+01	1.06E+01	2.84E+02	5.23E+01	4.64E+01
Lung-SCC::SP58326	3.43E+01	1.45E+01	4.41E+01	1.98E+01	3.56E+02	5.57E+01	7.55E+00	3.43E+02	7.51E+01	4.94E+01
Lung-SCC::SP57267	1.80E+01	1.53E+01	2.77E+01	2.24E+01	2.42E+02	4.40E+01	6.29E+00	2.47E+02	5.78E+01	3.37E+01
Lung-SCC::SP57066	3.11E+01	1.57E+01	3.79E+01	1.77E+01	2.66E+02	4.44E+01	6.59E+00	2.48E+02	6.51E+01	3.89E+01
Lung-SCC::SP57846	1.84E+01	1.04E+01	3.12E+01	3.02E+01	1.83E+02	2.83E+01	4.16E+00	1.71E+02	3.45E+01	3.14E+01
Lung-SCC::SP57189	3.49E+01	2.07E+01	4.56E+01	3.27E+01	5.52E+02	6.67E+01	7.88E+00	5.37E+02	1.33E+02	6.66E+01
Lymph-BNHL::SP116668	1.78E+01	1.34E+01	2.36E+01	3.64E+01	2.38E+01	4.77E+01	4.28E+01	5.25E+01	3.78E+01	1.90E+01
Lymph-BNHL::SP116697	5.72E+01	9.17E+01	7.52E+01	1.70E+02	7.62E+01	1.54E+02	5.56E+01	1.50E+02	1.30E+02	7.68E+01
Panc-AdenoCA::SP125732	4.49E+01	3.39E+01	1.35E+03	1.27E+03	2.22E+01	1.66E+02	2.09E+01	0.00E+00	0.00E+00	7.18E+00
Panc-AdenoCA::SP125770	2.02E+01	1.54E+01	4.04E+01	1.15E+02	4.77E+01	1.14E+02	1.48E+01	6.51E+01	3.16E+01	1.01E+01
Skin-Melanoma::SP124389	5.44E+02	5.29E+00	5.48E+02	1.19E+01	1.09E+01	1.55E+01	4.78E+00	3.34E+01	1.80E+01	7.06E+00
Skin-Melanoma::SP124362	1.39E+03	1.23E+01	1.39E+03	1.83E+01	2.11E+01	3.59E+01	1.15E+01	7.85E+01	5.14E+01	1.01E+01
Skin-Melanoma::SP124394	6.44E+02	7.72E+00	6.27E+02	7.57E+00	7.17E+00	2.28E+01	5.92E+00	4.04E+01	2.49E+01	6.75E+00
Skin-Melanoma::SP124334	6.45E+02	9.72E+00	6.74E+02	1.16E+01	2.20E+01	2.23E+01	7.66E+00	3.72E+01	1.94E+01	1.25E+01
Skin-Melanoma::SP124454	3.17E+02	4.63E+00	2.81E+02	2.49E+01	1.54E+01	1.30E+01	4.55E+00	3.28E+01	2.17E+01	8.19E+00
Skin-Melanoma::SP124380	1.67E+03	1.33E+01	1.83E+03	1.50E+01	6.08E+00	2.48E+01	1.91E+01	1.62E+02	3.97E+01	1.39E+01
Skin-Melanoma::SP124399	1.30E+03	1.50E+01	1.39E+03	1.55E+01	1.34E+01	2.38E+01	1.33E+01	9.15E+01	2.84E+01	1.19E+01
Skin-Melanoma::SP124311	1.56E+03	1.91E+01	1.95E+03	3.68E+00	0.00E+00	2.96E+01	2.30E+01	3.30E+02	4.58E+01	1.58E+01
Skin-Melanoma::SP124434	7.58E+02	8.84E+00	7.98E+02	2.44E+01	1.52E+01	1.48E+01	8.06E+00	5.79E+01	3.17E+01	6.57E+00
Skin-Melanoma::SP124428	2.05E+03	1.83E+01	2.03E+03	3.74E+01	3.86E+01	5.14E+01	1.66E+01	1.20E+02	6.41E+01	1.79E+01
Skin-Melanoma::SP124449	6.90E+02	9.07E+00	6.47E+02	2.04E+01	1.93E+01	3.90E+01	8.10E+00	6.29E+01	3.62E+01	1.01E+01
Skin-Melanoma::SP124298	4.65E+03	3.67E+01	5.11E+03	8.59E+00	2.57E+01	2.67E+01	4.65E+01	3.94E+02	9.63E+01	2.83E+01
Skin-Melanoma::SP124431	1.35E+03	1.30E+01	1.58E+03	8.80E+00	1.48E+01	1.56E+01	1.68E+01	1.77E+02	5.25E+01	7.91E+00
Skin-Melanoma::SP124409	1.22E+03	1.73E+01	1.13E+03	1.31E+01	1.91E+01	5.10E+01	1.16E+01	1.09E+02	0.00E+00	1.67E+01
Skin-Melanoma::SP124376	3.31E+02	6.60E+00	3.11E+02	1.66E+01	1.30E+01	1.25E+01	3.86E+00	2.28E+01	2.27E+01	5.36E+00
Skin-Melanoma::SP124439	3.71E+03	3.01E+01	4.08E+03	4.98E+00	4.07E+01	1.60E+01	4.73E+01	3.59E+02	8.12E+01	2.57E+01
Skin-Melanoma::SP124406	7.28E+02	6.46E+00	8.00E+02	1.23E+01	2.07E+01	1.54E+01	1.27E+01	6.36E+01	2.68E+01	7.22E+00
Skin-Melanoma::SP124382	6.64E+03	5.35E+01	7.47E+03	1.90E+01	3.46E+01	3.85E+01	7.66E+01	7.67E+02	1.29E+02	3.93E+01
Skin-Melanoma::SP124415	7.42E+03	6.41E+01	7.90E+03	2.48E+01	7.71E+01	0.00E+00	5.36E+01	5.52E+02	1.39E+02	6.40E+01
Skin-Melanoma::SP124436	2.56E+03	4.14E+01	2.79E+03	4.30E+01	7.70E+01	8.61E+01	2.32E+01	1.72E+02	4.54E+01	4.45E+01
Skin-Melanoma::SP124460	1.29E+03	1.09E+01	1.32E+03	1.78E+01	1.39E+01	3.05E+01	1.38E+01	8.11E+01	3.85E+01	9.77E+00
Skin-Melanoma::SP124425	9.12E+02	1.23E+01	1.02E+03	2.87E+01	1.76E+01	2.04E+01	1.03E+01	1.03E+02	2.64E+01	1.46E+01
Skin-Melanoma::SP124367	1.25E+03	1.28E+01	1.34E+03	2.57E+00	1.16E+01	1.62E+01	1.97E+01	8.41E+01	4.19E+01	1.29E+01
Skin-Melanoma::SP124377	7.82E+02	9.11E+00	9.15E+02	7.08E+00	9.62E+00	1.16E+01	1.15E+01	1.00E+02	3.13E+01	8.31E+00
Skin-Melanoma::SP124412	6.81E+02	5.39E+00	6.92E+02	1.46E+01	2.33E+01	1.58E+01	7.80E+00	1.59E+01	3.13E+01	1.72E+00
Skin-Melanoma::SP124329	4.21E+02	5.62E+00	4.45E+02	6.31E+00	5.98E+00	1.01E+01	4.21E+00	3.36E+01	1.49E+01	5.35E+00
Skin-Melanoma::SP124326	3.96E+02	3.57E+00	3.83E+02	1.65E+01	2.21E+01	1.07E+01	4.48E+00	3.03E+01	2.12E+01	8.88E+00
Skin-Melanoma::SP124458	1.74E+03	1.42E+01	1.91E+03	1.31E+01	1.35E+01	1.94E+01	2.01E+01	1.63E+02	5.34E+01	1.25E+01
Skin-Melanoma::SP124401	4.79E+03	4.57E+01	5.45E+03	9.03E+00	3.06E+01	4.25E+01	5.47E+01	4.73E+02	1.73E+02	3.32E+01
Skin-Melanoma::SP124384	1.54E+03	3.03E+01	1.50E+03	4.53E+02	2.53E+01	4.71E+01	1.51E+01	1.21E+02	6.51E+01	1.32E+01
Skin-Melanoma::SP124462	9.79E+02	9.14E+00	1.02E+03	1.65E+01	1.26E+01	2.01E+01	9.65E+00	6.91E+01	3.10E+01	8.97E+00
Skin-Melanoma::SP124452	8.05E+02	8.11E+00	8.61E+02	1.71E+01	1.30E+01	1.74E+01	8.28E+00	5.69E+01	3.43E+01	8.25E+00
Skin-Melanoma::SP124386	7.36E+02	1.07E+01	7.01E+02	3.33E+01	2.00E+01	2.88E+01	5.95E+00	4.55E+01	3.51E+01	1.01E+01
Skin-Melanoma::SP124418	9.63E+02	1.22E+01	1.05E+03	1.57E+01	1.44E+01	2.05E+01	1.06E+01	8.57E+01	2.14E+01	9.13E+00
Skin-Melanoma::SP124319	1.40E+03	1.37E+01	1.41E+03	1.46E+01	1.69E+01	3.08E+01	1.14E+01	7.97E+01	4.53E+01	1.46E+01
Skin-Melanoma::SP124447	5.69E+03	4.00E+01	6.43E+03	1.29E+01	2.47E+01	4.85E+01	6.84E+01	6.91E+02	1.11E+02	3.88E+01
Skin-Melanoma::SP124369	1.18E+03	1.16E+01	1.24E+03	1.35E+01	1.31E+01	2.07E+01	9.57E+00	7.20E+01	3.72E+01	9.94E+00
Skin-Melanoma::SP124365	6.07E+02	1.06E+01	6.49E+02	2.46E+01	2.32E+01	2.12E+01	8.02E+00	3.41E+01	2.09E+01	1.07E+01
Skin-Melanoma::SP124420	4.74E+02	6.10E+00	4.59E+02	2.03E+01	8.76E+00	1.75E+01	4.44E+00	2.96E+01	2.56E+01	7.44E+00
Skin-Melanoma::SP124364	9.97E+02	1.19E+01	1.05E+03	2.45E+01	2.61E+01	2.25E+01	8.99E+00	7.25E+01	3.32E+01	9.92E+00
Skin-Melanoma::SP124307	8.58E+02	8.23E+00	8.66E+02	1.24E+01	1.36E+01	2.37E+01	6.83E+00	5.00E+01	3.47E+01	8.32E+00
Skin-Melanoma::SP82445	8.40E+03	7.14E+01	9.20E+03	4.44E+01	7.75E+01	2.53E+01	9.64E+01	8.05E+02	9.44E+01	5.50E+01
Skin-Melanoma::SP83242	9.08E+02	4.79E+00	1.00E+03	1.23E+01	5.54E+01	1.92E+01	1.52E+01	2.85E+01	3.20E+01	6.29E+00
Skin-Melanoma::SP103894	1.68E+03	1.70E+01	1.88E+03	1.76E+01	9.37E+00	2.37E+01	1.81E+01	1.75E+02	4.13E+01	1.36E+01
Skin-Melanoma::SP83382	5.34E+02	5.96E+00	5.60E+02	1.65E+01	1.05E+01	1.26E+01	5.19E+00	4.01E+01	2.72E+01	4.77E+00
Skin-Melanoma::SP82451	4.70E+02	7.43E+00	5.16E+02	3.90E+01	2.61E+01	1.45E+01	6.32E+00	4.68E+01	2.65E+01	8.09E+00
Skin-Melanoma::SP83312	6.01E+02	6.96E+00	6.71E+02	1.87E+01	1.06E+01	9.87E+00	8.69E+00	5.99E+01	2.67E+01	6.12E+00
Skin-Melanoma::SP82614	6.58E+02	7.17E+00	7.36E+02	1.37E+01	9.24E+00	9.52E+00	7.17E+00	6.75E+01	2.36E+01	6.88E+00
Skin-Melanoma::SP82431	6.36E+03	4.47E+01	7.66E+03	0.00E+00	0.00E+00	3.32E+01	1.40E+02	1.20E+03	1.64E+02	4.16E+01
Skin-Melanoma::SP82459	5.26E+02	7.27E+00	5.30E+02	9.07E+00	1.55E+01	1.93E+01	6.19E+00	2.91E+01	2.09E+01	8.21E+00
Skin-Melanoma::SP82532	3.59E+03	2.41E+01	4.35E+03	4.12E-01	2.30E+01	2.24E+01	6.07E+01	4.61E+02	2.64E+02	2.26E+01
Skin-Melanoma::SP83482	6.93E+02	9.01E+00	7.67E+02	2.52E+01	1.30E+01	1.50E+01	9.48E+00	7.72E+01	2.89E+01	8.55E+00
Skin-Melanoma::SP104530	4.47E+02	1.22E+01	4.60E+02	1.42E+01	4.79E+01	3.05E+01	7.08E+00	3.78E+01	2.73E+01	1.66E+01
Skin-Melanoma::SP82644	1.44E+03	1.44E+01	1.42E+03	1.48E+01	3.07E+01	4.13E+01	1.19E+01	9.71E+01	5.75E+01	1.58E+01
Skin-Melanoma::SP82988	4.53E+02	1.14E+01	4.01E+02	2.75E+01	1.21E+01	3.25E+01	7.14E+00	3.90E+01	2.61E+01	7.51E+00
Skin-Melanoma::SP82461	7.97E+02	1.02E+01	8.55E+02	2.23E+01	1.70E+01	1.97E+01	9.24E+00	6.27E+01	3.47E+01	8.74E+00
Skin-Melanoma::SP82900	2.06E+03	1.89E+01	2.14E+03	1.41E+01	1.80E+01	3.04E+01	1.71E+01	1.26E+02	6.20E+01	2.45E+01
Skin-Melanoma::SP82399	1.06E+03	1.00E+01	1.14E+03	7.02E+00	1.23E+01	2.22E+01	1.18E+01	8.75E+01	2.88E+01	9.74E+00
Skin-Melanoma::SP82417	1.35E+03	1.18E+01	1.30E+03	2.05E+01	2.71E+01	6.80E+01	7.89E+00	8.35E+01	7.10E+01	1.27E+01
Skin-Melanoma::SP104056	4.43E+03	3.49E+01	5.13E+03	1.27E+01	0.00E+00	6.73E+01	4.90E+01	6.20E+02	0.00E+00	3.23E+01
Skin-Melanoma::SP83083	8.72E+02	9.62E+00	9.67E+02	2.42E+01	8.41E+00	1.17E+01	1.16E+01	9.41E+01	3.13E+01	7.11E+00
Skin-Melanoma::SP83019	8.60E+02	8.85E+00	8.93E+02	1.81E+01	1.12E+01	2.03E+01	9.09E+00	6.04E+01	3.28E+01	8.33E+00
Skin-Melanoma::SP83146	2.62E+03	2.20E+01	2.65E+03	2.26E+01	3.38E+01	5.84E+01	2.07E+01	1.58E+02	8.48E+01	2.21E+01
Skin-Melanoma::SP103866	9.18E+02	8.66E+00	9.85E+02	2.08E+01	3.73E+00	1.96E+01	8.78E+00	8.61E+01	2.35E+01	1.04E+01
Skin-Melanoma::SP83844	5.10E+02	6.56E+00	5.42E+02	1.28E+01	1.16E+01	1.55E+01	6.71E+00	4.37E+01	2.17E+01	7.47E+00
Stomach-AdenoCA::SP135287	4.54E+01	2.10E+01	8.52E+02	8.25E+02	2.34E+01	1.20E+02	1.14E+01	5.64E+01	4.36E+01	6.34E+00
Stomach-AdenoCA::SP85122	6.19E+01	4.35E+01	1.53E+03	1.50E+03	3.24E+01	1.80E+02	1.53E+01	5.48E+01	6.63E+01	8.68E+00
Stomach-AdenoCA::SP84384	6.31E+01	0.00E+00	1.25E+03	1.06E+03	0.00E+00	2.05E+02	2.46E+01	4.04E+01	1.03E+02	8.01E+00
Stomach-AdenoCA::SP84491	2.30E+01	1.76E+01	8.73E+01	9.00E+01	2.68E+01	3.14E+01	2.73E+01	3.86E+01	1.93E+01	1.60E+01
Stomach-AdenoCA::SP84743	3.19E+01	1.99E+01	8.82E+01	8.49E+01	4.40E+01	4.36E+01	3.19E+01	5.38E+01	1.80E+01	2.22E+01
Stomach-AdenoCA::SP84982	2.35E+01	1.66E+01	3.45E+02	2.46E+02	2.96E+01	1.05E+02	2.27E+01	4.57E+01	4.27E+01	6.33E+00
Stomach-AdenoCA::SP84392	4.77E+01	1.63E+01	8.80E+02	7.50E+02	3.70E+01	1.80E+02	2.16E+01	5.08E+01	4.81E+01	8.85E+00
Stomach-AdenoCA::SP105018	2.80E+01	3.28E+01	6.42E+01	5.05E+01	1.76E+02	9.96E+01	2.14E+01	1.90E+02	6.24E+01	5.33E+01
Stomach-AdenoCA::SP84439	2.51E+02	1.67E+02	7.80E+02	6.17E+02	2.37E+02	9.23E+02	5.73E+01	4.82E+02	5.84E+02	2.89E+01
Stomach-AdenoCA::SP84922	1.93E+01	1.40E+01	5.28E+01	4.70E+01	1.63E+01	3.69E+01	2.83E+01	3.26E+01	1.35E+01	1.27E+01
Uterus-AdenoCA::SP90209	0.00E+00	2.82E+02	4.84E+03	4.09E+03	0.00E+00	1.62E+01	0.00E+00	1.70E+02	7.54E+02	8.93E+00
Uterus-AdenoCA::SP93540	2.60E+01	1.81E+01	1.00E+03	8.94E+02	2.49E+01	1.44E+02	9.67E+00	3.46E+01	3.14E+01	6.39E+00
Uterus-AdenoCA::SP93227	1.09E+02	1.46E+03	1.36E+03	2.55E+03	1.37E+03	1.10E+03	1.00E+02	0.00E+00	9.60E+02	0.00E+00
Uterus-AdenoCA::SP94933	3.15E+01	1.74E+01	1.65E+02	9.94E+01	3.89E+01	1.35E+02	1.39E+01	5.71E+01	2.27E+01	1.43E+01
Uterus-AdenoCA::SP92364	1.92E+01	1.95E+01	4.86E+02	2.61E+02	8.14E+00	2.53E+02	3.09E+01	8.66E+01	9.36E+01	6.25E+00
Uterus-AdenoCA::SP92659	6.04E+00	1.88E+03	1.93E+03	1.09E+02	9.60E+01	0.00E+00	3.33E+01	5.96E+01	6.14E+01	6.43E+00
