MutationType	SBS96A	SBS96B	SBS96C	SBS96D	SBS96E	SBS96F	SBS96G	SBS96H	SBS96I
A[C>A]A	0.062399707064032556	0.02810816184617579	0.020130186355672777	0.006402176176779903	0.048464357163757084	0.0055683346471633735	0.015933495387434958	0.011797166848555207	0.006818870489951223
A[C>A]C	0.03684936659410596	0.02478290129452944	0.00962262684945017	0.0038349650986492633	0.01827549818903208	0.0051170197105966505	0.006814652275497792	0.013233483703806996	0.003257506295340136
A[C>A]G	0.013245973400771618	0.012316467510536312	0.003788360353792086	0.0006759450806771383	0.00316673508961685	0.001182529296420398	0.005636503654532134	0.0018167556496337055	0.0004090294087291113
A[C>A]T	0.04322491016238928	0.019577402863651516	0.00915979622252053	0.003974632836761884	0.028044403679668903	0.003678585735933666	0.006006639746410459	0.0065523710916750135	0.0036807695421157403
A[C>G]A	0.017469748137518764	0.0018096680683656878	0.01765372646623291	0.006746428702026606	0.0057346877851523455	0.0015287922192587088	0.009565444893669338	0.004378928577061743	0.0018422100826865062
A[C>G]C	0.0059372067404910925	0.0016059478215174749	0.007674392955377698	0.0028262005117721855	0.0054464992950670425	0.002036464125558268	0.005509492541896179	0.0037831698823720217	0.0015942208042542916
A[C>G]G	0.0028695508162491024	0.0007528769684742003	0.005027257897891105	0.001261796439939644	0.0009666541265323758	3.661635601019953e-05	0.0007285969226388954	0.001011285158165265	0.00013806040720510282
A[C>G]T	0.010278993528336286	0.0007218800633308958	0.013325758222490549	0.005534086173865944	0.008025106731802225	0.0034920094383414837	0.007334743287647143	0.007299439269118011	0.0015521385089959949
A[C>T]A	0.014944657096639275	0.005649974108673632	0.022926527149975298	0.004623418141854927	0.022854582909494638	0.01398805394768715	0.013991330796852709	0.021864457782357932	0.010077948747202754
A[C>T]C	0.00466419190634042	0.006360286008566618	0.009380587628111243	0.0017191016201104504	0.011261360282078385	0.006107342340983451	0.007007454130798578	0.014460456492379307	0.004518873251508921
A[C>T]G	0.0038338203454622998	0.0009295694373312011	0.0007220441946578482	0.005583993042237125	0.006973130365367979	0.00528356686710945	0.011177755758581714	0.08858583144843578	0.005351993453223259
A[C>T]T	0.00854826922994107	0.0028759801451815293	0.015663354666903617	0.003766290475614369	0.015354672372341156	0.006616734291892499	0.006152730665635317	0.017297295285388828	0.004023702726699412
A[T>A]A	0.0022652036912040787	0.01674324638210237	0.01654819104121998	0.0009640968313578924	0.013393040364608168	0.005450864329468459	0.016198822227306665	0.007595352176576853	0.0016078460015705788
A[T>A]C	0.0019209652635618112	0.005673965560272336	0.0034938720997888593	0.001147971910032908	0.007124536819756031	0.0029230597557034343	0.0007855925239063498	0.013732876246795058	0.0030833146173972637
A[T>A]G	0.005834256558446213	0.018907349687069655	0.008369013478513807	0.001409116202557925	0.008621839447878301	0.004298909645294771	0.010758286400232464	0.010090006534010171	0.0011769447025527313
A[T>A]T	0.0020276460461900584	0.007898373226635159	0.009471317403949797	0.0018080308040953241	0.017241281848400833	0.005639093311037869	0.007911657805088908	0.017685505095869303	0.007335432330146432
A[T>C]A	0.012719721877947449	0.006916070221923292	0.058342725932598115	0.002927624722760811	0.017588277007453145	0.010333798425272107	0.045268808268010614	0.018585901828482746	0.007374772788025439
A[T>C]C	0.0011889576083194697	0.0013037616404471919	0.008951043416745961	0.0018418965704040601	0.006004915761295706	0.0016549259060411714	0.004099925206974149	0.010154456309974193	0.005556760653853417
A[T>C]G	0.008410684750415384	0.004458487208466977	0.031072967629879714	0.002086606375523843	0.010968115152791143	0.007458096600603312	0.04903451062738896	0.011480025788769126	0.00435591975809075
A[T>C]T	0.004357331334613263	0.002025748442980183	0.02876951387152076	0.0027799000428058206	0.01761637563817203	0.006635781729128212	0.017737848162651063	0.02687584489583969	0.007757434444501996
A[T>G]A	0.001230328616220504	0.0012178532732650639	0.006609101206995547	5.837068965774961e-05	0.0027526563896390142	0.0028410897112917154	0.0043512042646761985	0.004669997803866863	0.002819567141123116
A[T>G]C	0.00013554368281802455	0.00012408702272562522	0.0015086015572887846	0.00030636422845418563	0.0022344058158341794	0.000904445166233927	0.0007818767796561588	0.0031434963294304907	0.006884363973513246
A[T>G]G	0.00023856588677160592	0.003171817825641483	0.004505917942151427	0.0011761254680459387	0.004399971593666123	0.0008430016357488057	0.003089602580294013	0.004231276556383818	0.0032612334634177387
A[T>G]T	0.00010383746078727955	0.00016072491394879832	0.0021370704787841534	0.0009981337760109454	0.0064247774193063375	0.0007460179785997634	0.0016816088151608711	0.0038298143981955945	0.0536633013561368
C[C>A]A	0.07480552218854428	0.06904134277254342	0.018984817834571004	0.00549083212739788	0.034377266988158225	0.007870489365886897	0.019526640623807906	0.00015382712533465792	0.005181058433372528
C[C>A]C	0.062456523068249226	0.07555527597665787	0.006980779001194827	0.005838778160978109	0.005743130547532896	0.0048131057780146065	0.0028993029476505035	0.0045996988494880495	0.0022827549884095787
C[C>A]G	0.013203662256710231	0.021680653858929873	0.0012006125424513783	0.0005040578294028819	0.004500060225836933	0.0011729996911890338	0.006369337319629267	7.344476816797396e-05	0.00018900335831588676
C[C>A]T	0.060795912221074104	0.06564531300216914	0.0035789081620453524	0.006376108787953853	0.025127802407369018	0.003219940939361577	0.0025302045799588664	0.001922891643796788	0.004369380362331868
C[C>G]A	0.010966102220118045	0.007184599442407489	0.013104411743115633	0.0071341390814632175	0.0017784459009453713	0.0018011618757009273	0.006340528188738972	0.0022796124426531605	0.00036110599874518813
C[C>G]C	0.006878307571168989	0.008123580268584191	0.009029153282754124	0.003473819950595498	0.002838911696453579	0.001375353331968654	0.006885985308326781	0.0037625420768745243	0.0006545873919094447
C[C>G]G	0.0030088048917241393	0.0032676804065704347	0.00471295717637986	0.0013089920219499617	0.0013059828769473826	0.00017263429188460577	0.002193893151707016	0.000903208294093929	0.00019737511742278
C[C>G]T	0.009495546598918736	0.0053924141661264	0.012590556261129678	0.0077813851414248346	0.005747573629487306	0.001897021968319006	0.0056195894547272475	0.006787925153039396	0.0014262575370958075
C[C>T]A	0.019022130118682982	0.01210171011276543	0.02403250936418772	0.003901212424971163	0.011456683119758964	0.024571625348180533	0.014147683540359139	0.02150520484894514	0.0096473572216928
C[C>T]C	0.01076841537375003	0.014641186213120818	0.017256829105317593	0.0017848467150179204	0.007025077593280003	0.012363949725404381	0.009798354902304709	0.020639691147953273	0.00573918994050473
C[C>T]G	0.004092348701087758	0.0032521182100754232	0.003001097770757042	0.004646020258078352	0.0008471637160647615	0.006537120584398508	0.020031731780618428	0.057030944749712945	0.00397266217507422
C[C>T]T	0.02073675342835486	0.01644837616942823	0.025651094503700733	0.004250357832061127	0.007821500168647617	0.016346377041190862	0.011128387461649254	0.02073973450809717	0.004541354665998369
C[T>A]A	0.004933383229654282	0.023655467834323644	0.01288655487820506	0.00218785019025745	0.00498195988475345	0.002628311891967314	0.015855422094464302	0.0017412697526742705	0.0008937040913588135
C[T>A]C	0.003351543542812583	0.018457152200862765	0.006128008852109588	0.00279768897453323	0.00596737599815242	0.0014395975499022656	0.007307017633575014	0.0056643420457839965	0.010610763654112816
C[T>A]G	0.009491754621269066	0.04947366692125797	0.010466670087387228	0.0025278853093550426	0.002755394301450066	0.0027372998774451273	0.01860304585075937	0.0036108026337387856	0.0050185430236160756
C[T>A]T	0.002815908656630199	0.021395459286868573	0.014084077565930784	0.004846523401793093	0.00677031164028449	0.00046858173644038104	0.013782961482647807	0.005110562108457089	0.019934094082564115
C[T>C]A	0.005107610863633454	0.00666330904699862	0.026377676520496607	0.0016221155882658422	0.003611649116501212	0.0032319361143163406	0.023410475319251417	0.00559131731512025	0.00970929759554565
C[T>C]C	0.0027823090308811515	0.001995878404704854	0.007039463091641665	0.0025185425870586186	0.004378146105445921	0.0012775174385751598	0.012421711627393962	0.008100707391276956	0.03467077821493149
C[T>C]G	0.006307584394235164	0.006223653177730739	0.01853045848198235	0.001150340546228108	0.0025340020387138893	0.003839808468474075	0.02513088857755065	0.004715776587836444	0.0228775280341506
C[T>C]T	0.0030688018875662235	0.00341067970963195	0.018066625781357287	0.0025425146029010646	0.004269931678427383	0.00264301251838333	0.012469336539506912	0.004915090575814247	0.07593673080205918
C[T>G]A	0.00042951686997186366	0.0014513637888012455	0.004507825097534806	0.00045283079713044573	0.00251192782248836	0.001214050076669082	0.004323005171027034	0.001620977583224885	0.0037977673741988838
C[T>G]C	0.000528781938191969	0.0007070646525244228	0.002430110719287768	0.0008415373074240051	0.0020261596160707994	0.0011403452581726014	0.0028374916885513814	0.0025451351515948773	0.01648860190063715
C[T>G]G	0.0022265825819340534	0.004775319066829979	0.0058998378738760945	0.0023789980297442524	0.003320394298643805	0.0003597081559200982	0.00548779200296849	0.003264420161722228	0.00984350634738803
C[T>G]T	0.002066716021618049	0.0005641300473425262	0.0004361417873222992	0.0004026704085134285	2.8754161229160905e-05	0.0016232211130702053	0.0007883457821572232	0.000800934428389306	0.18521219566464425
G[C>A]A	0.03936445340514183	0.02343880635686219	0.005857806852090522	0.0035430775732001986	0.05842361070215702	0.004702473226295698	0.007989150255456134	0.007048459171783179	0.004892086254549213
G[C>A]C	0.03655578516423702	0.028866453785449265	0.008053454781475011	0.0011939347303653847	0.013288437817245723	0.005418367909733206	0.005077817403016525	0.006193812219426036	0.002113280392950401
G[C>A]G	0.009798263360280543	0.01318279255181551	0.003402409873669967	0.00019390053170988963	0.004922733425628394	0.0016432089202135104	0.004326042161555961	0.001008190379361622	0.0006555988594482187
G[C>A]T	0.028315181825309992	0.014957089452072978	0.0041370038612512875	0.003259910732595017	0.033423009663820266	0.003350659709831234	0.0018585019959731	0.006216276227496565	0.003777886908501387
G[C>G]A	0.009731355905532837	0.0029856464441400023	0.009826324562891387	0.0023098915768787263	0.0022724987883702853	0.0014023138870834374	0.0032783287463917076	0.0012367391805855731	0.0002045050757806166
G[C>G]C	0.00734159326646477	0.004474111828021705	0.00699415088398382	0.001706796643557027	0.0018665606545982883	0.0033250094030518084	0.004979470814578235	0.0025254853325895965	0.00023655428843085246
G[C>G]G	0.00277214486268349	0.0029297695588320492	0.0027593760134186594	0.000824946045759134	3.7170473333389964e-05	9.709069146992988e-05	0.002203651198069565	0.0004780991778898169	0.00026897948515852476
G[C>G]T	0.007556686536408961	0.0018257370326594958	0.007500478085130453	0.004318571421317756	0.001917766779952217	0.0019441230327356606	0.0018229153751807775	0.004494430534541607	0.00045777921533954216
G[C>T]A	0.006915282672271133	0.0026118294266052546	0.01806628125719726	0.0021786218404304235	0.01892203023657203	0.013807811848819256	0.010456020589917897	0.023009122163057328	0.00768697299528867
G[C>T]C	0.005719989705830812	0.003880011842120439	0.011162405572831631	0.0015769301354885102	0.013274013055488467	0.008791458369232714	0.0069820608454756435	0.024535909499973058	0.006198936821892858
G[C>T]G	0.0025079190131509677	0.0008314769329143088	0.002082537923124619	0.003137420329413173	0.007053855562116951	0.0070315849245525894	0.011492015621624887	0.0704586485028267	0.0033719789880605044
G[C>T]T	0.008139158133417368	0.0023576527659315617	0.012377728503197431	0.001954224588125655	0.013204755745828151	0.008862448576837777	0.007586113347206265	0.02099446976557374	0.004280514784622938
G[T>A]A	0.003254848676151596	0.014809378637000919	0.009756596193183214	0.0018821113527519627	0.0036345386574976146	0.0015413801437534859	0.01263463008683175	0.0009347427984175738	0.0007981050579837757
G[T>A]C	0.0014432422761819907	0.00565138336038217	0.0029495724983280526	0.0010964789491845295	0.0039056085189804433	0.0014916959588299505	0.00183861359495495	0.004909462111536414	0.0031964296591468155
G[T>A]G	0.004479225078248419	0.020486041344702242	0.009364175791852176	0.0011612679772952106	0.003332382496446371	0.002242115811095573	0.012866135886870324	0.0031432858505286276	0.0018472596746869384
G[T>A]T	0.0013904805875915827	0.009637947417795658	0.008247369558084756	0.002165910254698247	0.005592087921104394	0.001483200127404416	0.007399221431696788	0.005418674945831299	0.004722120065707713
G[T>C]A	0.00535511969937943	0.0017178011671057903	0.026273632887750864	0.0008656151586365013	0.00867852829163894	0.005917878358159215	0.018698134133592247	0.010813663676381112	0.004468065693508834
G[T>C]C	0.0009745578856226089	0.0014594486908754334	0.005704712588340044	0.0011462185421260073	0.00343683562008664	0.0031240037851966917	0.002230126764625311	0.011008653361350297	0.005730825788341463
G[T>C]G	0.0030580709513742476	0.002458241695421748	0.0077215753984637555	0.0021780501340981574	0.0035593698504396798	0.0026858214821550066	0.06806378852576017	0.00586079706903547	0.005175174116156995
G[T>C]T	0.0020288682263344526	0.001260267735342495	0.01697451949119568	0.001443858390703099	0.008616458520991728	0.004646066287532449	0.009689983557909726	0.017320746332407	0.008463973267935217
G[T>G]A	0.00039270079807465666	0.0009593019477324561	0.0030101240670774134	0.000798257916176226	0.0015961391143355286	0.0004431467637368769	0.0014862935850396752	0.0019763950211927296	0.001029137144505512
G[T>G]C	0.0004213128459377913	0.0001797657645028572	0.00112171722430503	0.0004169918511161086	0.00149475593410898	0.0003500265490038146	0.0003335054507260793	0.0018944725149776787	0.004117094005923718
G[T>G]G	0.00046046780389588096	0.004697444830089808	0.003415236131986603	0.0017200350062921642	0.0032063015672611074	0.0008440865620650584	0.007078086733818054	0.004057751395739615	0.0029980509565211834
G[T>G]T	0.0006800264430057723	0.00024160276140605674	0.0013229839171981438	0.00121909279958345	0.0027849962923210112	0.0006432795533260105	0.0002976424463626588	0.0029885620588902383	0.05069934900850057
T[C>A]A	0.03900513373315334	0.03497069856151938	0.010951410382986068	0.03613470507785678	0.05848239280283451	0.011831047850428149	0.013560733157210052	0.004901196747086942	0.007292496808804572
T[C>A]C	0.04931907400488853	0.04164600281044841	0.011418981845490634	0.01935888973996043	0.03267790004611015	0.004366972740826896	0.011945414952933789	0.011133921463042498	0.0038434403005521743
T[C>A]G	0.006225723942625336	0.008032440869137646	0.001996548093529782	0.002502871750621125	0.008283978821709751	0.0012094351519772318	0.00482062324648723	0.0012107858384842985	0.0009043361908697989
T[C>A]T	0.04336658678948879	0.03687625939026475	0.004501776595142329	0.02318976854905486	0.08244413360953332	0.005538954552626996	0.011777365985669277	0.014491750318557024	0.010379129946231842
T[C>G]A	0.005596706720845197	0.003393378393082275	0.007754112979866296	0.18564154088497162	0.005061779399151798	0.051641913880594074	0.008150396518679501	0.00011607763939553742	0.003251369489589706
T[C>G]C	0.00787658391520381	0.005798027326818556	0.01239594820421189	0.04026471570134163	0.005512294976506382	0.012380055839312263	0.009507660744711757	0.006471101725474	0.0007228992162348114
T[C>G]G	0.0014262227367726156	0.002025258250068873	0.0026266003120690583	0.008197615486569703	0.0005375547748928788	0.002869995395594742	0.001339417640629108	0.0001641967768937036	0.0001223998135810689
T[C>G]T	0.006255568006495296	0.006100448398356093	0.01561021520756185	0.20891043558716774	0.013124896617373451	0.05295647826373418	0.005955031599923948	0.013560620043426752	0.003853713223943487
T[C>T]A	0.0067609277838282765	0.0025626583551227023	0.0026230425881800562	0.15581256503239274	0.00956917215790903	0.27711748585104945	0.0057643246265315865	0.015256154084054287	0.02206117956433445
T[C>T]C	0.010320925018750132	0.006334547107107937	0.013419446293264628	0.028621159796603023	0.0106234992435202	0.06784888669848442	0.008627008458133786	0.033966927081346514	0.011794659662991763
T[C>T]G	0.0002583422615114667	0.0023502161423675717	0.00028027257529060094	0.019265884514898062	0.0009613018356142822	0.028757860716432333	0.004765315994176629	0.03871597796678543	0.00437121004331857
T[C>T]T	0.011127991927787661	0.009824451091699302	0.011102380536030979	0.07094174275255398	0.006930207515961843	0.15911201298236846	0.0015083377510172154	0.026712698787450792	0.01282379732467234
T[T>A]A	0.0004959042157179945	0.017351672099903227	0.01757135651772842	0.0013160969076614038	0.015463029174134136	0.004470326779410243	0.018362492495216428	0.007232534508220851	0.0031825566058978436
T[T>A]C	0.0008553294298508263	0.007810157793574035	0.006022983264265349	0.0014740901032928378	0.008657965785823762	0.0014786673060734757	0.006032449245685712	0.0048064568778499964	0.004564882051199675
T[T>A]G	0.0037373706651851533	0.015355844050645828	0.008761804267996921	0.0005591823432223464	0.0049398094764910635	0.002799555828096345	0.00910241977777332	0.0022679519129451364	0.0019332102814223616
T[T>A]T	0.0007849078394153679	0.01017519372049719	0.015308642576565034	0.0034483815380372106	0.020873851757496596	0.0020396813403931444	0.014335515031125396	0.006389547993894667	0.013022729102522135
T[T>C]A	0.0059837926691398025	0.0006195250386288044	0.030285512041300536	0.0007933549815788199	0.009460841023828834	0.004824749873951078	0.0195852127764374	0.01084212701767683	0.008251639739610255
T[T>C]C	0.001545957370835822	0.00029608743109633907	0.008669754834845661	0.0020347651763586326	0.006842223389539868	0.0011528245765689666	0.003426896434975788	0.011091965474188328	0.014770689206197857
T[T>C]G	0.0021962358565369676	0.0012912866705851208	0.002521446672494307	0.0015083037544117188	0.0041371728383618085	0.001113274136982774	0.09410696305334568	0.003589260411390569	0.0068199450825341046
T[T>C]T	0.0016480363193642528	0.000759795359626878	0.02120073923841119	0.0017167114120093174	0.012750305510126054	0.0036683217115933077	0.011702661875169725	0.014696524674072863	0.01756501544266939
T[T>G]A	0.0006584929040946008	0.000697696125098446	0.008883148105815053	0.0008348470722557977	0.004633375649573282	0.0024841487599769605	0.005736354569671675	0.003964165321085602	0.004584799057338387
T[T>G]C	0.0001746546119053699	0.0002968934447471838	0.003320680130273104	0.0007012696754100034	0.003235223250230774	0.0012251166827627457	0.0016336379863787442	0.004265316391829401	0.01237208685837686
T[T>G]G	0.0012085631251102314	0.003972918249201029	0.007139094299636781	0.0019755733862984928	0.00391403563611675	0.0015631848241901025	0.004253258822136559	0.004421067114453763	0.006068125208839774
T[T>G]T	0.0004742692052968778	0.00035854448528245265	0.005720795777742751	0.0012900860702211503	0.011775128631852568	0.0026494880748941796	0.005884538623504341	0.0089695416809991	0.11635520368814468
