MutationType	SBS1	SBS2	SBS3	SBS4	SBS5	SBS13	SBS17a	SBS17b	SBS18	SBS22a	SBS22b	SBS28	SBS33	SBS40a	SBS92	SBS100	SBS109
A[C>A]A	0.00088616	0.00000058	0.02080832	0.04219650	0.01199760	0.00181992	0.00207026	0.00060796	0.05153386	0.00604617	0.00608654	0.00078390	0.00311136	0.03639531	0.01132934	0.07221905	0.01873241
A[C>A]C	0.00228041	0.00014800	0.01650660	0.03329724	0.00943811	0.00072097	0.00091812	0.00012899	0.01581039	0.00009450	0.00380251	0.00252969	0.00223098	0.01677249	0.00974473	0.03911009	0.01226473
A[C>A]G	0.00017703	0.00005230	0.00175070	0.01559870	0.00184963	0.00026399	0.00004760	0.00005820	0.00243160	0.00079036	0.00098002	0.00035296	0.00041418	0.00374797	0.00469657	0.01436635	0.00154893
A[C>A]T	0.00128023	0.00009780	0.01220488	0.02949755	0.00660868	0.00034798	0.00006180	0.00045597	0.02141407	0.00172962	0.00356601	0.00396952	0.00190083	0.01543480	0.00775798	0.04867434	0.01468332
A[C>G]A	0.00186033	0.00000000	0.01970788	0.00688943	0.01009798	0.00386983	0.00101013	0.00014599	0.00173114	0.00166999	0.00417934	0.00015398	0.00141062	0.00821343	0.00305586	0.01849154	0.00858488
A[C>G]C	0.00122022	0.00013300	0.01170468	0.00283976	0.00569886	0.00095096	0.00056907	0.00004340	0.00259170	0.00019320	0.00271222	0.00022397	0.00130057	0.00562037	0.00168986	0.00614440	0.00533350
A[C>G]G	0.00011502	0.00001520	0.00025310	0.00127989	0.00171966	0.00026399	0.00015202	0.00000000	0.00192126	0.00023866	0.00084928	0.00000000	0.00025311	0.00149700	0.00090730	0.00283619	0.00131092
A[C>G]T	0.00114020	0.00009120	0.01740696	0.00354970	0.01009798	0.00399982	0.00001960	0.00031898	0.00408268	0.00006230	0.00380676	0.00008330	0.00130057	0.00835959	0.00411591	0.01038774	0.00684857
A[C>T]A	0.02500444	0.00006110	0.01420568	0.00869928	0.03259348	0.00717968	0.00122015	0.00057096	0.00920605	0.00177059	0.00409159	0.00077691	0.00531232	0.02863814	0.02376637	0.01333985	0.02008543
A[C>T]C	0.00632112	0.00138004	0.01240496	0.00417965	0.01789642	0.00000000	0.00171022	0.00007030	0.00465306	0.00021797	0.00275744	0.00337959	0.00213093	0.02051178	0.01409754	0.00450368	0.01148298
A[C>T]G	0.36506483	0.00003270	0.00257103	0.00078294	0.00617876	0.00030299	0.00003950	0.00028698	0.01220802	0.00140509	0.00319008	0.00704915	0.00716313	0.01316533	0.00978578	0.00235976	0.01031963
A[C>T]T	0.00958170	0.00186005	0.01210484	0.00424965	0.02199560	0.00031799	0.00073709	0.00014699	0.00797524	0.00061945	0.00302154	0.00505939	0.00307134	0.02250981	0.01645207	0.00904458	0.01858851
A[T>A]A	0.00080014	0.00009590	0.00549220	0.00941922	0.00737852	0.00000000	0.00101013	0.00006260	0.00249164	0.06370109	0.08325602	0.00017198	0.00086838	0.01000778	0.01007203	0.00209469	0.03774981
A[T>A]C	0.00223040	0.00087803	0.00721288	0.00352971	0.00692861	0.00006520	0.00099713	0.00028898	0.00087858	0.00704076	0.00751707	0.00047794	0.00114050	0.00550174	0.00358815	0.00084481	0.02419806
A[T>A]G	0.00114020	0.00002550	0.00964386	0.01239897	0.00911818	0.00058997	0.00020002	0.00006570	0.00260171	0.06043024	0.03356604	0.00015198	0.00069630	0.00932410	0.00701173	0.00500551	0.01720061
A[T>A]T	0.00018303	0.00000000	0.00611245	0.00420965	0.00619876	0.00060597	0.00146018	0.00063296	0.00784515	0.00250440	0.01930465	0.00169979	0.00507222	0.01118279	0.00918124	0.00140084	0.05138473
A[T>C]A	0.00109019	0.00006170	0.01650660	0.00794934	0.04619076	0.00190992	0.00009650	0.00009730	0.00202133	0.02492218	0.05839760	0.00054893	0.01250547	0.01689045	0.08918805	0.00727876	0.01980249
A[T>C]C	0.00304054	0.00002150	0.00776311	0.00071494	0.01339732	0.00014199	0.01270160	0.00025198	0.00209137	0.00090295	0.00133921	0.00044095	0.00375164	0.00312020	0.00463736	0.00072093	0.00720229
A[T>C]G	0.00010602	0.00001320	0.01230492	0.00499958	0.03819236	0.00042798	0.00037605	0.00000000	0.00208137	0.00772829	0.01262704	0.00040495	0.07343209	0.00814559	0.04011199	0.00591694	0.00617247
A[T>C]T	0.00574102	0.00015500	0.01730692	0.00155987	0.03829234	0.00095896	0.00779099	0.00054396	0.00424279	0.00075332	0.00591249	0.00059493	0.00921403	0.01846827	0.02956694	0.00273774	0.02349523
A[T>G]A	0.00017203	0.00023801	0.00395158	0.00104991	0.00385923	0.00006140	0.00085111	0.00140990	0.00072147	0.00232275	0.01084643	0.00986881	0.00097943	0.00539375	0.00206966	0.00071105	0.00413416
A[T>G]C	0.00020704	0.00007460	0.00260104	0.00015899	0.00259948	0.00000000	0.00070009	0.00447969	0.00085856	0.00005110	0.00103775	0.01729791	0.00030213	0.00465372	0.00035897	0.00017596	0.00171790
A[T>G]G	0.00026805	0.00000205	0.00630252	0.00141988	0.00793841	0.00008250	0.00071909	0.00098993	0.00199131	0.00294174	0.00386347	0.00767907	0.00047521	0.00525358	0.00123837	0.00046644	0.00426227
A[T>G]T	0.00011202	0.00000376	0.00397159	0.00021598	0.00482903	0.00031999	0.01250158	0.06909525	0.00184121	0.00004170	0.00331415	0.11498608	0.00075833	0.01159521	0.00354120	0.00007441	0.00357336
C[C>A]A	0.00031205	0.00020801	0.02250900	0.08069330	0.00742851	0.00139994	0.00029504	0.00027098	0.07404865	0.00182036	0.00601647	0.00202975	0.00270118	0.01375598	0.01855035	0.07842320	0.01999312
C[C>A]C	0.00179032	0.00009530	0.02531012	0.07969339	0.00613877	0.00096796	0.00116015	0.00004110	0.01961289	0.00437713	0.00500189	0.00010899	0.00191084	0.01084162	0.01395552	0.05991352	0.00916362
C[C>A]G	0.00009320	0.00000000	0.00251100	0.02449797	0.00345931	0.00000433	0.00000000	0.00000000	0.01200789	0.00013653	0.00104705	0.00000000	0.00037116	0.00161922	0.00528203	0.01270899	0.00213148
C[C>A]T	0.00000000	0.00042101	0.01540616	0.06899427	0.00648870	0.00000000	0.00013702	0.00018199	0.03632387	0.00010942	0.00451126	0.00020297	0.00253111	0.00671108	0.01254310	0.06452520	0.01414666
C[C>G]A	0.00002410	0.00000000	0.01930772	0.00782935	0.00695861	0.00560975	0.00055307	0.00019399	0.00061340	0.00104447	0.00338855	0.00001440	0.00150066	0.00402496	0.00240959	0.01125897	0.00406641
C[C>G]C	0.00007680	0.00035101	0.01410564	0.00686943	0.00906819	0.00064797	0.00023503	0.00004660	0.00226149	0.00077563	0.00276834	0.00007550	0.00041018	0.00436470	0.00396222	0.00697571	0.00462370
C[C>G]G	0.00035206	0.00004870	0.00150060	0.00339972	0.00248950	0.00048798	0.00023203	0.00000000	0.00358235	0.00023993	0.00056150	0.00000000	0.00031814	0.00092994	0.00160101	0.00279755	0.00231861
C[C>G]T	0.00000000	0.00006360	0.02230892	0.00681943	0.00952809	0.00639972	0.00003900	0.00019299	0.00379249	0.00031832	0.00315428	0.00000000	0.00066229	0.00636756	0.00536600	0.00892827	0.00804341
C[C>T]A	0.00200036	0.00432013	0.01610644	0.01269895	0.01939612	0.00001930	0.00082110	0.00045697	0.01170769	0.00120363	0.00397270	0.00029196	0.00459201	0.02480661	0.03660735	0.01220719	0.01027908
C[C>T]C	0.00027005	0.00017001	0.02020808	0.01149905	0.01899620	0.00134994	0.00172022	0.00005890	0.00676444	0.00315193	0.00429660	0.00020997	0.00153067	0.02916532	0.03476131	0.00688865	0.00683189
C[C>T]G	0.19603481	0.00277008	0.00224090	0.00330972	0.01749650	0.00198991	0.00190024	0.00054296	0.01681105	0.00042765	0.00177543	0.00254969	0.00588257	0.00654289	0.01082396	0.00231570	0.00673334
C[C>T]T	0.00019604	0.00145004	0.02300920	0.01599867	0.02309538	0.00144994	0.00174022	0.00013599	0.00665437	0.00159162	0.00439039	0.00331960	0.00270118	0.02889896	0.04532348	0.01510965	0.01545313
C[T>A]A	0.00004300	0.00024301	0.00794318	0.01439881	0.00353929	0.00020899	0.00043405	0.00009360	0.00054236	0.12800999	0.11299556	0.00013998	0.00074633	0.00245848	0.00704592	0.00372031	0.01459529
C[T>A]C	0.00039307	0.00024401	0.01780712	0.01219899	0.00518896	0.00034198	0.04050512	0.00223985	0.00306201	0.05527104	0.02099944	0.00134984	0.00099243	0.00663939	0.00393189	0.00188783	0.01840530
C[T>A]G	0.00032406	0.00014900	0.01320528	0.03249730	0.00500900	0.00022599	0.01240157	0.00071695	0.00321211	0.16801606	0.05775362	0.00080590	0.00047921	0.00573004	0.01024476	0.00817866	0.00947991
C[T>A]T	0.00026005	0.00000000	0.01270508	0.01179902	0.00429914	0.00052298	0.07230914	0.00778946	0.00226149	0.06069925	0.02713390	0.00102987	0.00112049	0.00949421	0.00644868	0.00176790	0.02920671
C[T>C]A	0.00000000	0.00030201	0.00883353	0.00517957	0.01329734	0.00004740	0.01110140	0.00064696	0.00038625	0.00674053	0.00893249	0.00131984	0.01510660	0.00610429	0.03076459	0.00218529	0.00546311
C[T>C]C	0.00250044	0.00002850	0.01450580	0.00235980	0.01039792	0.00012200	0.17302186	0.00645956	0.00246162	0.00134416	0.00127354	0.00261968	0.03011316	0.00492976	0.00401078	0.00089267	0.00743532
C[T>C]G	0.00036006	0.00000000	0.01010404	0.00549954	0.02079584	0.00000000	0.08731103	0.00391973	0.00162107	0.00203019	0.00297799	0.00248970	0.04001749	0.00514281	0.01412281	0.00353142	0.00318195
C[T>C]T	0.00004260	0.00018600	0.01580632	0.00255979	0.01489702	0.00011200	0.42605383	0.01829874	0.00256168	0.00053955	0.00241007	0.00036696	0.00307134	0.00677345	0.01367035	0.00073559	0.01303035
C[T>G]A	0.00003550	0.00015300	0.00437175	0.00086993	0.00258948	0.00004140	0.00031004	0.00204986	0.00011107	0.00491038	0.00710341	0.01459823	0.00072832	0.00152720	0.00092840	0.00057708	0.00382521
C[T>G]C	0.00021204	0.00015500	0.00704282	0.00044096	0.00460908	0.00000282	0.00104013	0.03139784	0.00199131	0.00088273	0.00228155	0.02209733	0.00094942	0.00264131	0.00041878	0.00040457	0.00319669
C[T>G]G	0.00012802	0.00012100	0.01070428	0.00378969	0.00612877	0.00000000	0.00000194	0.01369906	0.00293193	0.00803077	0.00631253	0.01549812	0.00107047	0.00214618	0.00209052	0.00157747	0.00433042
C[T>G]T	0.00017103	0.00020301	0.00703281	0.00119990	0.00729854	0.00005550	0.00531067	0.54996223	0.00414272	0.00119788	0.00265080	0.10098778	0.00019208	0.00430586	0.00054519	0.00061274	0.00797981
G[C>A]A	0.00158028	0.00008620	0.00713285	0.03159738	0.01019796	0.00094896	0.00178023	0.00099793	0.10907166	0.00223489	0.00273980	0.00015598	0.00441193	0.01014765	0.00893931	0.04438714	0.01461097
G[C>A]C	0.00033906	0.00000000	0.01090436	0.03479711	0.00764847	0.00045098	0.00128016	0.00000278	0.01731137	0.00170997	0.00244790	0.00101988	0.00096842	0.01099688	0.00782492	0.03704622	0.00845494
G[C>A]G	0.00058710	0.00001390	0.00143057	0.01529873	0.00233953	0.00016399	0.00010601	0.00009240	0.00756497	0.00052022	0.00052118	0.00003950	0.00034215	0.00353767	0.00445574	0.01084500	0.00128828
G[C>A]T	0.00000000	0.00005120	0.01000400	0.02119824	0.00681864	0.00006150	0.00004700	0.00053396	0.06234096	0.00054942	0.00215702	0.00015798	0.00319140	0.00633551	0.00655609	0.03274787	0.01206042
G[C>G]A	0.00000959	0.00006540	0.01270508	0.00528956	0.00467906	0.00149993	0.00087811	0.00005990	0.00063542	0.00140307	0.00185118	0.00018298	0.00077134	0.00266304	0.00234881	0.01008801	0.00319920
G[C>G]C	0.00016403	0.00026101	0.00863345	0.00574952	0.00507898	0.00047898	0.00083511	0.00005550	0.00134088	0.00091923	0.00228910	0.00000000	0.00077634	0.00308111	0.00216132	0.00651029	0.00348207
G[C>G]G	0.00016603	0.00000000	0.00242097	0.00329973	0.00150970	0.00024099	0.00002370	0.00000000	0.00063942	0.00021314	0.00043815	0.00000000	0.00004660	0.00064486	0.00089337	0.00281704	0.00058099
G[C>G]T	0.00000000	0.00013400	0.01470588	0.00303975	0.00671866	0.00269988	0.00078710	0.00000000	0.00123081	0.00045370	0.00163009	0.00000000	0.00093141	0.00312288	0.00152748	0.00724550	0.00434157
G[C>T]A	0.00444079	0.00000000	0.01640656	0.00408966	0.01939612	0.00717968	0.00164021	0.00006110	0.00968636	0.00238522	0.00274174	0.00324961	0.00535234	0.02980699	0.01282583	0.00665705	0.01502452
G[C>T]C	0.00009280	0.00000013	0.01340536	0.00445963	0.02159568	0.00092096	0.00000000	0.00015699	0.00817537	0.00184835	0.00193537	0.00018798	0.00514225	0.02536975	0.01351091	0.00400214	0.01171032
G[C>T]G	0.21803872	0.00000000	0.00052821	0.00048196	0.01229754	0.00017799	0.00161020	0.00085494	0.01480973	0.00000000	0.00277533	0.00021497	0.00584255	0.00927484	0.00593888	0.00144160	0.00797330
G[C>T]T	0.00003840	0.00005040	0.01130452	0.00380968	0.01859628	0.00126994	0.00006600	0.00000000	0.00669440	0.00175497	0.00369876	0.00010199	0.00393172	0.02317407	0.01684613	0.00738537	0.01461654
G[T>A]A	0.00008120	0.00000000	0.00706283	0.00921923	0.00366927	0.00000670	0.00006460	0.00009730	0.00160105	0.05339327	0.04046532	0.00011599	0.00081035	0.00313484	0.00562396	0.00225112	0.00720213
G[T>A]C	0.00012902	0.00013100	0.00748299	0.00359970	0.00290942	0.00012999	0.00340043	0.00034698	0.00195128	0.01016474	0.00494414	0.00011799	0.00036216	0.00371674	0.00192496	0.00059229	0.00623717
G[T>A]G	0.00024604	0.00006380	0.01160464	0.01309891	0.00410918	0.00004700	0.00069509	0.00024098	0.00183120	0.03767961	0.00415822	0.00007170	0.00082736	0.00451599	0.00599620	0.00421031	0.00361818
G[T>A]T	0.00025805	0.00006280	0.01230492	0.00551954	0.00321936	0.00035798	0.00480061	0.00157989	0.00346227	0.00945596	0.00464809	0.00032396	0.00176077	0.00494318	0.00411785	0.00165933	0.01134530
G[T>C]A	0.00105019	0.00000000	0.00998399	0.00289976	0.01409718	0.00028699	0.00012302	0.00005950	0.00070847	0.00071688	0.00587282	0.00049094	0.01220533	0.00482909	0.02920934	0.00304441	0.01324358
G[T>C]C	0.00190034	0.00002740	0.00564226	0.00117990	0.00793841	0.00018199	0.01490188	0.00149990	0.00226149	0.00123571	0.00122536	0.00058693	0.00794347	0.00291248	0.00268576	0.00025896	0.00629601
G[T>C]G	0.00117021	0.00010700	0.01090436	0.00236980	0.01499700	0.00019499	0.00357045	0.00100993	0.00398262	0.00058378	0.00160861	0.00073091	0.20709051	0.00337019	0.00925981	0.00246423	0.00521731
G[T>C]T	0.00007130	0.00001250	0.01020408	0.00075494	0.01369726	0.00000000	0.00524066	0.00146990	0.00315207	0.00084617	0.00202409	0.00085090	0.00971425	0.00824987	0.01267295	0.00075492	0.01789523
G[T>G]A	0.00000000	0.00020901	0.00442177	0.00059795	0.00251950	0.00008770	0.00049506	0.00028098	0.00087057	0.00158092	0.00295757	0.00115986	0.00058125	0.00105146	0.00055049	0.00020906	0.00199014
G[T>G]C	0.00000000	0.00013300	0.00234094	0.00025298	0.00170966	0.00000000	0.00020403	0.00624957	0.00003700	0.00023518	0.00044563	0.00192977	0.00063728	0.00102642	0.00029423	0.00015117	0.00131991
G[T>G]G	0.00034806	0.00003710	0.01090436	0.00242980	0.00529894	0.00042598	0.00083511	0.00147990	0.00583383	0.00045215	0.00123800	0.00312962	0.00542237	0.00174835	0.00154435	0.00059107	0.00191033
G[T>G]T	0.00001460	0.00000000	0.00583233	0.00025198	0.00234953	0.00000289	0.00724091	0.11399217	0.00214141	0.00001990	0.00106989	0.02059751	0.00045120	0.00195358	0.00019960	0.00019589	0.00262854
T[C>A]A	0.00006580	0.00063902	0.00841337	0.03979670	0.00785843	0.07899652	0.00019002	0.00001240	0.07384852	0.00078879	0.00533345	0.01429827	0.01190520	0.02752139	0.01484858	0.05139497	0.01728075
T[C>A]C	0.00253045	0.00017001	0.01680672	0.04689611	0.00916817	0.02939870	0.00002590	0.00000000	0.04362866	0.00174744	0.00490565	0.00045194	0.00511223	0.02938138	0.01283178	0.05312394	0.01518694
T[C>A]G	0.00000000	0.00008530	0.00141056	0.01089909	0.00229954	0.01209947	0.00000000	0.00009510	0.01270835	0.00000000	0.00087499	0.00012898	0.00137060	0.00543805	0.00239317	0.00778679	0.00198310
T[C>A]T	0.00000588	0.00044001	0.00997399	0.04129657	0.01269746	0.03549844	0.00028804	0.00256982	0.12208021	0.00040012	0.00605788	0.00055693	0.01280560	0.02383099	0.01318626	0.05655428	0.02377745
T[C>G]A	0.00000000	0.00000000	0.01330532	0.00357970	0.00780844	0.31698603	0.00375047	0.00015999	0.00214141	0.00358175	0.00516784	0.00011499	0.01300568	0.00821976	0.01945116	0.00902779	0.00298247
T[C>G]C	0.00020304	0.00009870	0.02030812	0.00594951	0.00759848	0.06349720	0.00072309	0.00006180	0.00464305	0.00152650	0.00538743	0.00013598	0.00251110	0.00789308	0.00408750	0.00756084	0.00495288
T[C>G]G	0.00006940	0.00004120	0.00052021	0.00182985	0.00170966	0.01379939	0.00038005	0.00001550	0.00089959	0.00038925	0.00054259	0.00002460	0.00008040	0.00094100	0.00029840	0.00176747	0.00091204
T[C>G]T	0.00156028	0.00118003	0.02350940	0.00337972	0.01249750	0.36898374	0.00028304	0.00149990	0.00318209	0.00039204	0.00638579	0.00014298	0.02010879	0.01639333	0.02298928	0.01060824	0.00908610
T[C>T]A	0.00111020	0.53601551	0.00576230	0.00373969	0.02029594	0.00692969	0.00053207	0.00010799	0.01140750	0.00159972	0.00705673	0.00483941	0.01470643	0.04223462	0.01710459	0.00521641	0.01544349
T[C>T]C	0.00003730	0.09730282	0.01330532	0.00698942	0.02299540	0.00447980	0.00009060	0.00060396	0.01140750	0.00132565	0.00467548	0.00412950	0.00317139	0.04591115	0.01736940	0.00648268	0.00896525
T[C>T]G	0.11001954	0.04420128	0.00098940	0.00028098	0.01589682	0.00118995	0.00017702	0.00006240	0.01180776	0.00003850	0.00152327	0.00173979	0.00385168	0.00707068	0.00359965	0.00073268	0.00320544
T[C>T]T	0.00000000	0.30000868	0.00817327	0.00721940	0.02099580	0.00141994	0.00034804	0.00089494	0.00375246	0.00000000	0.00467890	0.00198976	0.00904395	0.03359110	0.02458275	0.00995571	0.02061212
T[T>A]A	0.00672119	0.00042201	0.00651261	0.00887926	0.00630874	0.00029599	0.00011901	0.00118992	0.01080710	0.07093883	0.11822964	0.00018798	0.00410179	0.00951439	0.00817815	0.00177702	0.02103457
T[T>A]C	0.00000000	0.00019201	0.01050420	0.00430964	0.00413917	0.00023199	0.00570072	0.00024198	0.00273179	0.02406183	0.01283909	0.00124985	0.00021709	0.00912617	0.00284712	0.00105546	0.01604970
T[T>A]G	0.00002800	0.00005010	0.00671269	0.00953921	0.00478904	0.00018799	0.00183023	0.00000000	0.00179118	0.07379117	0.04835061	0.00032096	0.00066029	0.00563071	0.00675146	0.00307819	0.00730889
T[T>A]T	0.00225040	0.00020501	0.01300520	0.00561953	0.00874825	0.00006200	0.00198025	0.00130991	0.00710467	0.03023137	0.03731392	0.00571931	0.00272119	0.01822776	0.00604418	0.00146779	0.03107816
T[T>C]A	0.00025505	0.00000000	0.01520608	0.00240980	0.01799640	0.00002210	0.00209026	0.00105993	0.00180118	0.00457447	0.02356945	0.00130984	0.01100481	0.00735665	0.03453614	0.00199343	0.01323860
T[T>C]C	0.00339060	0.00004350	0.00899360	0.00050296	0.00970806	0.00002490	0.01530193	0.00109993	0.00618406	0.00000000	0.00192051	0.00204975	0.01250547	0.00306651	0.00435020	0.00038514	0.00861675
T[T>C]G	0.00041607	0.00011700	0.00693277	0.00173986	0.01269746	0.00009980	0.00235030	0.00120992	0.00326214	0.00122985	0.00535244	0.00140983	0.32013992	0.00370456	0.01293528	0.00241931	0.00292343
T[T>C]T	0.00433077	0.00003580	0.01390556	0.00063595	0.01849630	0.00053098	0.02100265	0.00099993	0.00337222	0.00000000	0.00400397	0.00205975	0.00912399	0.00791269	0.01428691	0.00090291	0.02286262
T[T>G]A	0.00000000	0.00001670	0.00725290	0.00037697	0.00521896	0.00018399	0.00000000	0.00001220	0.00069646	0.00499931	0.01195911	0.04229488	0.00046821	0.00556284	0.00220843	0.00042428	0.00343996
T[T>G]C	0.00005510	0.00007040	0.00628251	0.00017399	0.00655869	0.00000000	0.00011602	0.00874940	0.00210138	0.00076672	0.00223124	0.03569568	0.00016407	0.00642218	0.00030058	0.00015840	0.00288036
T[T>G]G	0.00058310	0.00009540	0.00805322	0.00231981	0.00693861	0.00003670	0.00092012	0.00477967	0.00145095	0.00561498	0.00689115	0.01399831	0.00095942	0.00418810	0.00174284	0.00136161	0.00520760
T[T>G]T	0.00000000	0.00000000	0.01050420	0.00056795	0.01349730	0.00001890	0.00458058	0.12199162	0.00516339	0.00059760	0.00513089	0.47894203	0.00225098	0.01492849	0.00179435	0.00017892	0.01013269
