Samples	SBS96A	SBS96B	SBS96C	SBS96D	SBS96E	SBS96F	SBS96G	SBS96H	SBS96I	SBS96J	SBS96K
Biliary-AdenoCA::SP99325	8.86E+01	9.45E+01	2.61E+03	1.76E+03	2.18E+02	6.68E+01	7.08E+02	3.64E+01	1.46E+02	3.19E+02	3.46E+01
Bladder-TCC::SP1059	6.91E+01	1.72E+01	1.41E+02	4.46E+01	4.10E+01	6.72E+01	5.09E+01	7.37E+00	8.07E+01	6.35E+01	8.77E+01
Bladder-TCC::SP96136	2.48E+02	2.72E+01	6.05E+01	5.70E+01	6.80E+01	2.44E+01	3.27E+01	7.03E+00	3.69E+01	3.47E+01	2.32E+02
Breast-AdenoCA::SP117369	4.09E+02	8.25E+00	2.85E+01	2.52E+01	6.49E+00	4.33E+00	4.44E+00	1.22E+00	1.21E+01	3.44E+00	3.76E+02
Breast-AdenoCA::SP2293	4.55E+02	1.48E+01	2.60E+01	2.96E+01	2.54E+00	4.03E+00	0.00E+00	1.15E+00	1.90E+00	0.00E+00	4.18E+02
CNS-GBM::SP25494	1.11E+03	2.35E+01	1.34E+03	1.06E+02	1.94E+02	3.33E+01	8.64E+01	8.05E+00	1.92E+02	1.72E+02	1.25E+01
ColoRect-AdenoCA::SP18310	7.29E+01	1.10E+02	6.82E+02	2.87E+02	1.99E+02	6.65E+01	5.81E+02	2.76E+01	5.26E+01	1.48E+02	1.22E+01
ColoRect-AdenoCA::SP17172	9.68E+01	1.03E+02	9.21E+02	5.56E+02	1.24E+02	6.85E+01	5.24E+02	2.87E+01	8.15E+01	4.06E+01	1.46E+01
ColoRect-AdenoCA::SP96133	3.99E+01	3.63E+01	7.04E+02	4.67E+02	1.11E+02	4.76E+01	3.05E+02	1.79E+01	4.53E+01	7.67E+01	1.19E+01
ColoRect-AdenoCA::SP110242	5.45E+01	4.12E+01	1.76E+03	1.28E+03	9.85E+01	4.25E+01	4.35E+02	2.12E+01	0.00E+00	9.28E+01	1.12E+01
ColoRect-AdenoCA::SP21017	7.95E+01	3.67E+01	1.72E+03	1.41E+03	1.36E+02	3.95E+01	2.97E+02	2.02E+01	4.10E+01	1.02E+02	9.88E+00
ColoRect-AdenoCA::SP22383	3.81E+01	4.18E+01	1.69E+03	1.28E+03	8.75E+01	4.86E+01	3.20E+02	2.58E+01	5.18E+01	1.45E+02	7.71E+00
ColoRect-AdenoCA::SP81312	1.70E+03	1.97E+04	2.34E+04	3.46E+03	0.00E+00	6.76E+01	3.09E+02	0.00E+00	1.59E+01	5.50E+02	7.45E+00
ColoRect-AdenoCA::SP22031	7.29E+01	3.21E+03	3.48E+03	2.09E+02	9.19E+01	5.96E+01	2.43E+01	2.84E+01	2.60E+01	4.61E+01	4.87E+00
ColoRect-AdenoCA::SP19215	1.84E+01	7.01E+00	9.75E+02	5.35E+02	5.95E+01	1.74E+01	4.30E+02	2.08E+01	7.95E+00	5.60E+01	9.17E+00
ColoRect-AdenoCA::SP16886	1.01E+02	8.37E+03	8.82E+03	8.58E+02	2.03E+02	2.79E+02	2.01E+02	1.66E+02	9.34E+00	8.32E+01	1.36E+01
ColoRect-AdenoCA::SP19295	1.48E+02	3.88E+03	4.25E+03	4.08E+02	0.00E+00	3.98E+01	8.18E+00	2.78E+01	3.55E+01	1.17E+02	7.66E+00
ColoRect-AdenoCA::SP17905	7.27E+02	1.63E+04	1.65E+04	1.40E+03	7.46E+02	9.26E+02	1.23E+03	7.89E+02	6.86E+02	6.92E+02	0.00E+00
ColoRect-AdenoCA::SP18121	1.00E+02	4.66E+01	2.60E+03	1.76E+03	1.51E+02	1.48E+02	5.62E+02	3.07E+01	1.54E+02	4.93E+02	1.54E+01
ColoRect-AdenoCA::SP21400	1.30E+03	1.65E+04	1.92E+04	2.93E+03	5.09E+02	0.00E+00	6.63E+02	1.32E+02	0.00E+00	3.30E+02	1.12E+01
ColoRect-AdenoCA::SP18946	3.47E+02	1.21E+04	1.31E+04	3.04E+03	4.81E+02	1.64E+02	2.33E+02	1.07E+02	0.00E+00	6.18E+02	9.23E+00
ColoRect-AdenoCA::SP80615	2.49E+02	2.22E+04	2.27E+04	4.36E+02	6.23E+02	6.79E+02	8.96E+02	5.84E+02	2.97E+02	8.83E+02	2.96E+01
Eso-AdenoCA::SP111058	1.13E+01	2.22E+01	2.23E+01	3.42E+01	1.21E+01	1.73E+01	3.91E+01	4.84E+01	3.87E+01	2.16E+01	1.34E+01
Eso-AdenoCA::SP111066	3.22E+01	2.73E+01	3.81E+01	2.59E+01	4.38E+01	2.06E+01	5.08E+01	5.05E+01	3.67E+01	2.79E+01	3.27E+01
Eso-AdenoCA::SP111113	2.00E+01	2.25E+01	8.47E+01	4.07E+01	1.99E+01	2.65E+01	4.65E+01	5.42E+01	4.86E+01	3.66E+01	1.32E+01
Eso-AdenoCA::SP110865	3.69E+01	2.23E+01	4.51E+01	2.83E+01	3.61E+01	3.33E+01	4.28E+01	2.86E+01	5.80E+01	4.46E+01	4.11E+01
Eso-AdenoCA::SP23502	6.11E+01	2.12E+01	2.35E+01	5.41E+01	7.28E+01	2.23E+01	3.77E+01	4.52E+01	3.58E+01	2.35E+01	5.02E+01
Eso-AdenoCA::SP111001	5.17E+01	3.65E+01	6.13E+01	3.71E+01	1.02E+02	3.54E+01	0.00E+00	3.52E+01	3.43E+01	3.50E+01	5.55E+01
Eso-AdenoCA::SP111173	3.93E+01	2.80E+01	4.71E+01	7.64E+01	7.86E+01	2.10E+00	8.16E+01	7.26E+01	6.20E+01	2.40E+01	3.15E+01
Eso-AdenoCA::SP111091	5.28E+01	1.76E+01	2.09E+01	3.53E+01	1.03E+02	1.72E+01	2.76E+01	3.39E+01	4.11E+01	3.16E+01	6.14E+01
Eso-AdenoCA::SP111175	3.48E+01	5.10E+01	6.08E+01	7.65E+01	5.56E+01	4.68E+01	6.67E+01	7.47E+01	7.69E+01	1.50E+01	3.65E+01
Eso-AdenoCA::SP111114	2.40E+01	4.43E+01	1.00E+02	6.75E+01	4.60E+01	4.34E+01	2.54E+01	4.08E+01	3.91E+01	2.93E+01	1.84E+01
Head-SCC::SP30113	2.97E+01	1.01E+01	1.01E+02	9.59E+01	5.86E+01	2.01E+02	5.62E+01	6.93E+00	1.77E+02	7.01E+01	6.14E+01
Head-SCC::SP30332	3.11E+01	1.73E+01	3.97E+01	5.88E+01	6.30E+01	1.03E+02	4.04E+01	6.53E+00	9.40E+01	4.16E+01	4.25E+01
Head-SCC::SP30675	3.22E+01	1.35E+01	4.89E+01	6.97E+01	5.20E+01	1.50E+02	3.62E+01	6.17E+00	1.27E+02	4.24E+01	4.64E+01
Liver-HCC::SP98090	7.60E+01	4.70E+01	2.12E+02	1.95E+01	2.13E+02	6.22E+01	1.55E+02	1.33E+01	1.59E+02	1.02E+02	6.99E+01
Lung-AdenoCA::SP53460	4.70E+01	1.46E+01	9.99E+01	3.03E+01	4.86E+01	1.03E+02	1.87E+01	4.92E+00	1.05E+02	7.19E+01	4.91E+01
Lung-AdenoCA::SP54113	1.01E+02	2.90E+00	5.11E+01	6.81E+01	8.64E+01	2.19E+02	4.64E+01	1.09E+01	2.12E+02	8.43E+01	9.90E+01
Lung-AdenoCA::SP55235	1.12E+02	1.43E+01	7.36E+01	6.07E+01	1.36E+02	2.13E+02	4.90E+01	1.44E+01	2.02E+02	8.94E+01	1.23E+02
Lung-AdenoCA::SP50611	3.14E+01	1.03E+01	9.34E+01	5.22E+01	5.87E+01	1.04E+02	1.64E+01	4.44E+00	1.19E+02	7.32E+01	3.71E+01
Lung-AdenoCA::SP55142	7.04E+01	3.44E+01	1.99E+02	4.84E+01	9.88E+01	2.95E+02	7.01E+01	1.20E+01	2.99E+02	1.03E+02	1.12E+02
Lung-AdenoCA::SP53618	4.00E+01	1.29E+01	9.03E+01	2.63E+01	6.58E+01	1.25E+02	1.85E+01	5.40E+00	1.33E+02	7.49E+01	4.55E+01
Lung-AdenoCA::SP53810	1.11E+02	3.01E+01	2.98E+02	5.37E+01	2.06E+02	4.04E+02	0.00E+00	0.00E+00	4.49E+02	2.78E+02	1.37E+02
Lung-AdenoCA::SP55509	4.58E+01	1.32E+01	1.08E+02	3.88E+01	6.38E+01	1.41E+02	2.15E+01	4.51E+00	1.55E+02	8.98E+01	4.85E+01
Lung-SCC::SP56553	0.00E+00	2.36E+01	5.09E+02	9.63E+01	9.91E+01	2.04E+02	7.81E+01	9.39E+00	1.92E+02	1.29E+02	1.64E+02
Lung-SCC::SP57941	4.30E+01	1.66E+01	6.25E+01	2.68E+01	5.48E+01	1.63E+02	2.46E+01	8.60E+00	1.68E+02	7.32E+01	5.10E+01
Lung-SCC::SP57818	2.48E+01	1.36E+01	8.37E+01	4.87E+01	4.85E+01	1.00E+02	1.54E+01	3.71E+00	1.08E+02	6.57E+01	3.29E+01
Lung-SCC::SP56704	2.86E+01	0.00E+00	2.73E+01	6.29E+01	6.09E+01	1.14E+02	3.98E+01	6.07E+00	9.78E+01	3.90E+01	4.27E+01
Lung-SCC::SP59245	7.53E+01	1.36E+01	3.45E+01	3.64E+01	3.13E+01	8.68E+01	2.82E+01	9.32E+00	7.87E+01	3.82E+01	7.19E+01
Lung-SCC::SP57933	8.82E+00	1.74E+01	6.37E+01	1.98E+01	6.91E+00	1.07E+02	4.41E+01	5.26E+00	1.19E+02	4.66E+01	4.03E+01
Lung-SCC::SP57669	2.67E+01	1.55E+01	6.45E+01	4.99E+01	2.69E+01	1.14E+02	3.48E+01	6.98E+00	1.06E+02	4.26E+01	4.58E+01
Lung-SCC::SP58342	5.18E+01	1.93E+01	2.12E+02	1.04E+02	8.70E+01	1.74E+02	6.36E+01	5.85E+00	1.81E+02	7.01E+01	4.76E+01
Lung-SCC::SP57619	1.73E+01	1.41E+01	3.86E+01	2.59E+01	2.68E+01	1.16E+02	2.88E+01	4.49E+00	1.16E+02	4.51E+01	3.29E+01
Lung-SCC::SP58245	7.64E+00	1.73E+01	1.14E+02	7.33E+01	4.27E+01	1.38E+02	4.99E+01	5.90E+00	1.45E+02	5.04E+01	4.27E+01
Lung-SCC::SP57251	5.41E+01	1.65E+01	3.03E+01	5.21E+01	5.21E+01	9.69E+01	4.53E+01	6.19E+00	1.00E+02	3.55E+01	5.49E+01
Lung-SCC::SP58668	2.56E+01	2.06E+01	9.73E+01	6.65E+01	4.93E+01	1.33E+02	5.96E+01	6.53E+00	1.23E+02	5.75E+01	5.16E+01
Lung-SCC::SP58326	3.07E+01	1.72E+01	5.19E+01	7.90E+01	5.73E+01	1.62E+02	4.20E+01	5.50E+00	1.49E+02	5.67E+01	5.04E+01
Lung-SCC::SP57267	3.90E+01	1.54E+01	3.07E+01	3.70E+01	4.70E+01	1.03E+02	3.09E+01	5.83E+00	1.02E+02	3.35E+01	3.77E+01
Lung-SCC::SP57066	2.99E+01	1.65E+01	2.58E+01	3.61E+01	4.61E+01	1.27E+02	2.93E+01	5.54E+00	1.14E+02	4.18E+01	4.09E+01
Lung-SCC::SP57846	9.77E+01	1.18E+01	6.17E+01	4.77E+01	2.55E+01	8.65E+01	2.79E+01	3.77E+00	7.81E+01	3.66E+01	9.27E+01
Lung-SCC::SP57189	5.74E+01	1.62E+01	8.39E+01	1.06E+02	3.06E+01	2.66E+02	5.19E+01	8.02E+00	2.59E+02	8.63E+01	7.70E+01
Lymph-BNHL::SP116668	2.89E+01	1.84E+01	1.62E+02	8.19E+01	4.75E+01	3.24E+01	6.02E+01	4.87E+01	7.86E+01	4.29E+01	2.15E+01
Lymph-BNHL::SP116697	1.03E+02	6.86E+01	8.71E+02	5.92E+02	1.03E+02	8.61E+01	1.61E+02	4.29E+01	2.05E+02	1.69E+02	1.07E+02
Panc-AdenoCA::SP125732	4.96E+01	6.39E+01	6.02E+02	3.47E+02	9.48E+01	2.39E+01	3.91E+02	2.78E+01	0.00E+00	2.23E+01	1.28E+01
Panc-AdenoCA::SP125770	1.53E+01	3.24E+01	4.14E+02	2.12E+02	1.15E+02	7.83E+01	2.03E+02	1.78E+01	8.47E+01	5.74E+01	1.16E+01
Skin-Melanoma::SP124389	1.28E+03	8.50E+00	1.65E+03	9.96E+00	5.45E+02	1.11E+01	9.37E+00	4.78E+00	2.50E+01	1.63E+01	7.42E+00
Skin-Melanoma::SP124362	3.95E+03	2.28E+01	4.99E+03	1.75E+01	1.48E+03	1.48E+01	2.48E+01	1.05E+01	7.32E+01	4.06E+01	1.15E+01
Skin-Melanoma::SP124394	2.31E+03	1.16E+01	3.10E+03	1.20E+01	8.86E+02	2.36E+00	2.42E+01	7.59E+00	2.63E+01	4.60E+01	8.09E+00
Skin-Melanoma::SP124334	1.54E+03	1.23E+01	2.12E+03	1.53E+01	7.20E+02	1.40E+01	1.98E+01	7.69E+00	3.05E+01	3.13E+01	1.32E+01
Skin-Melanoma::SP124454	1.03E+03	6.74E+00	1.30E+03	1.53E+01	3.48E+02	1.72E+01	1.17E+01	4.72E+00	1.92E+01	2.22E+01	7.98E+00
Skin-Melanoma::SP124380	2.83E+03	2.04E+01	3.74E+03	2.65E+01	1.50E+03	6.27E+00	1.91E+01	2.47E+01	7.56E+01	3.87E+01	1.30E+01
Skin-Melanoma::SP124399	2.56E+03	2.05E+01	3.36E+03	2.13E+01	1.18E+03	1.10E+01	1.89E+01	1.60E+01	5.02E+01	2.53E+01	1.12E+01
Skin-Melanoma::SP124311	1.91E+03	1.40E+01	2.90E+03	1.40E+01	1.58E+03	0.00E+00	2.64E+01	2.68E+01	6.80E+01	5.40E+01	1.37E+01
Skin-Melanoma::SP124434	1.30E+03	1.50E+01	1.57E+03	1.67E+01	5.96E+02	1.19E+01	1.21E+01	1.24E+01	3.74E+01	3.90E+01	7.65E+00
Skin-Melanoma::SP124428	5.40E+03	3.57E+01	6.62E+03	3.97E+01	1.95E+03	1.76E+01	3.08E+01	1.40E+01	1.16E+02	6.98E+01	1.73E+01
Skin-Melanoma::SP124449	2.61E+03	1.64E+01	3.28E+03	2.95E+01	8.73E+02	1.04E+01	2.21E+01	7.51E+00	5.05E+01	3.10E+01	1.14E+01
Skin-Melanoma::SP124298	7.69E+03	2.65E+01	1.18E+04	3.34E+01	5.29E+03	4.01E+01	6.07E+01	3.72E+01	9.17E+01	2.07E+02	2.46E+01
Skin-Melanoma::SP124431	1.72E+03	9.80E+00	2.61E+03	1.20E+01	1.38E+03	1.64E+01	1.35E+01	1.92E+01	2.43E+01	4.43E+01	8.78E+00
Skin-Melanoma::SP124409	4.06E+03	3.81E+01	4.78E+03	2.15E+01	1.14E+03	2.83E+00	2.96E+01	1.45E+01	1.07E+02	2.61E+01	2.19E+01
Skin-Melanoma::SP124376	9.65E+02	1.01E+01	1.22E+03	1.03E+01	3.61E+02	9.03E+00	9.86E+00	3.28E+00	2.38E+01	1.97E+01	5.88E+00
Skin-Melanoma::SP124439	4.94E+03	3.40E+01	5.73E+03	0.00E+00	2.69E+03	1.33E+01	2.17E+01	8.04E+01	1.35E+02	1.35E+02	2.96E+01
Skin-Melanoma::SP124406	1.20E+03	4.64E+00	1.64E+03	1.37E+01	7.15E+02	1.45E+01	1.19E+01	1.34E+01	2.56E+01	2.43E+01	8.49E+00
Skin-Melanoma::SP124382	9.56E+03	4.33E+01	1.42E+04	5.25E+01	6.63E+03	4.32E+01	6.09E+01	8.05E+01	1.79E+02	1.79E+02	3.39E+01
Skin-Melanoma::SP124415	1.02E+04	1.40E+02	8.75E+03	1.71E+01	4.92E+03	1.57E+02	0.00E+00	2.26E+02	6.92E+02	7.60E+02	1.17E+02
Skin-Melanoma::SP124436	5.73E+03	5.18E+01	7.87E+03	1.56E+01	2.80E+03	3.30E+01	7.41E+01	1.91E+01	1.32E+02	1.10E+01	4.13E+01
Skin-Melanoma::SP124460	2.95E+03	1.59E+01	3.78E+03	1.41E+01	1.27E+03	1.23E+01	1.68E+01	1.53E+01	6.02E+01	3.39E+01	1.20E+01
Skin-Melanoma::SP124425	1.56E+03	1.56E+01	2.12E+03	1.71E+01	8.59E+02	1.27E+01	1.60E+01	1.36E+01	3.83E+01	2.83E+01	1.19E+01
Skin-Melanoma::SP124367	2.71E+03	1.78E+01	3.65E+03	0.00E+00	1.26E+03	1.21E+01	2.75E+01	2.22E+01	5.81E+01	4.94E+01	1.09E+01
Skin-Melanoma::SP124377	1.08E+03	8.64E+00	1.54E+03	9.62E+00	7.51E+02	9.78E+00	1.19E+01	1.27E+01	3.02E+01	2.95E+01	7.77E+00
Skin-Melanoma::SP124412	1.37E+03	4.58E+00	1.89E+03	3.07E+01	7.48E+02	1.80E+01	1.31E+01	5.38E+00	0.00E+00	2.71E+01	1.91E+00
Skin-Melanoma::SP124329	9.44E+02	7.66E+00	1.24E+03	6.75E+00	4.34E+02	4.93E+00	1.01E+01	5.16E+00	2.11E+01	1.41E+01	5.66E+00
Skin-Melanoma::SP124326	1.18E+03	7.28E+00	1.63E+03	1.41E+01	5.28E+02	2.43E+01	1.39E+01	5.67E+00	2.02E+01	2.79E+01	7.85E+00
Skin-Melanoma::SP124458	2.98E+03	2.10E+01	4.21E+03	2.37E+01	1.76E+03	1.66E+01	1.98E+01	1.84E+01	4.74E+01	5.10E+01	1.17E+01
Skin-Melanoma::SP124401	8.07E+03	4.36E+01	1.15E+04	2.26E+01	4.77E+03	2.76E+01	6.95E+01	5.61E+01	1.50E+02	1.99E+02	2.75E+01
Skin-Melanoma::SP124384	2.72E+03	4.01E+01	3.54E+03	1.20E+02	1.38E+03	3.43E+01	1.07E+02	1.90E+01	5.43E+01	8.70E+01	1.01E+01
Skin-Melanoma::SP124462	2.15E+03	1.34E+01	2.97E+03	1.66E+01	1.04E+03	1.55E+01	2.19E+01	8.85E+00	2.91E+01	3.59E+01	7.99E+00
Skin-Melanoma::SP124452	1.75E+03	1.43E+01	2.46E+03	1.76E+01	9.35E+02	1.24E+01	1.53E+01	7.13E+00	2.69E+01	4.85E+01	7.11E+00
Skin-Melanoma::SP124386	2.25E+03	1.69E+01	3.00E+03	2.21E+01	9.16E+02	1.61E+01	2.02E+01	5.79E+00	2.80E+01	4.51E+01	9.65E+00
Skin-Melanoma::SP124418	1.82E+03	1.41E+01	2.41E+03	1.56E+01	9.38E+02	1.26E+01	1.26E+01	9.78E+00	4.46E+01	2.00E+01	1.01E+01
Skin-Melanoma::SP124319	3.34E+03	2.37E+01	3.91E+03	1.54E+01	1.20E+03	1.30E+01	1.85E+01	2.01E+01	9.97E+01	7.62E+01	1.40E+01
Skin-Melanoma::SP124447	7.11E+03	4.98E+01	8.87E+03	3.72E+01	4.38E+03	3.15E+01	4.34E+01	1.11E+02	2.39E+02	1.36E+02	3.72E+01
Skin-Melanoma::SP124369	2.68E+03	1.75E+01	3.72E+03	1.63E+01	1.35E+03	1.30E+01	2.09E+01	8.14E+00	3.61E+01	5.17E+01	1.01E+01
Skin-Melanoma::SP124365	1.25E+03	1.34E+01	1.69E+03	1.40E+01	6.07E+02	1.70E+01	1.86E+01	7.13E+00	2.30E+01	2.29E+01	9.97E+00
Skin-Melanoma::SP124420	1.43E+03	9.44E+00	1.95E+03	1.60E+01	6.02E+02	4.09E+00	1.41E+01	4.04E+00	2.26E+01	3.91E+01	6.65E+00
Skin-Melanoma::SP124364	1.89E+03	2.15E+01	2.51E+03	1.94E+01	9.69E+02	1.48E+01	1.50E+01	1.12E+01	3.53E+01	2.76E+01	1.03E+01
Skin-Melanoma::SP124307	2.10E+03	1.49E+01	2.64E+03	1.07E+01	8.45E+02	1.32E+01	1.40E+01	8.59E+00	4.90E+01	3.51E+01	9.45E+00
Skin-Melanoma::SP82445	9.37E+03	8.81E+01	8.59E+03	5.93E+01	5.26E+03	5.24E+01	3.06E+01	2.48E+02	2.94E+02	3.49E+02	8.17E+01
Skin-Melanoma::SP83242	1.24E+03	0.00E+00	1.79E+03	4.06E+01	9.18E+02	1.51E+01	1.23E+01	1.18E+01	0.00E+00	3.63E+01	6.12E+00
Skin-Melanoma::SP103894	2.77E+03	1.88E+01	3.80E+03	2.85E+01	1.57E+03	8.92E+00	2.06E+01	2.19E+01	6.42E+01	3.77E+01	1.54E+01
Skin-Melanoma::SP83382	9.53E+02	1.01E+01	1.19E+03	1.25E+01	4.52E+02	9.04E+00	9.76E+00	6.54E+00	2.69E+01	2.36E+01	4.72E+00
Skin-Melanoma::SP82451	8.44E+02	1.22E+01	1.28E+03	1.42E+01	5.74E+02	1.87E+01	1.23E+01	5.21E+00	2.30E+01	3.08E+01	7.72E+00
Skin-Melanoma::SP83312	9.67E+02	8.42E+00	1.32E+03	1.43E+01	5.53E+02	1.11E+01	9.17E+00	1.05E+01	2.27E+01	2.50E+01	5.48E+00
Skin-Melanoma::SP82614	1.09E+03	7.17E+00	1.62E+03	1.02E+01	7.15E+02	1.02E+01	1.10E+01	7.48E+00	2.09E+01	3.37E+01	6.07E+00
Skin-Melanoma::SP82431	5.93E+03	5.82E+01	7.09E+03	2.35E+01	4.66E+03	2.27E+01	5.84E+01	1.73E+02	2.81E+02	1.76E+02	4.83E+01
Skin-Melanoma::SP82459	1.62E+03	9.53E+00	2.27E+03	8.06E+00	7.27E+02	1.08E+01	2.32E+01	5.50E+00	2.19E+01	4.60E+01	8.48E+00
Skin-Melanoma::SP82532	4.11E+03	2.97E+01	6.41E+03	2.14E+01	3.79E+03	2.11E+01	3.25E+01	5.67E+01	1.01E+02	1.54E+02	2.39E+01
Skin-Melanoma::SP83482	1.13E+03	2.50E+01	1.48E+03	1.65E+01	6.15E+02	1.19E+01	1.29E+01	1.19E+01	3.46E+01	2.34E+01	9.00E+00
Skin-Melanoma::SP104530	1.06E+03	1.29E+01	1.44E+03	3.32E+01	5.20E+02	2.26E+01	2.29E+01	6.33E+00	3.34E+01	3.75E+01	1.70E+01
Skin-Melanoma::SP82644	4.55E+03	2.74E+01	5.80E+03	2.51E+01	1.65E+03	1.81E+01	3.97E+01	1.04E+01	8.01E+01	5.39E+01	1.74E+01
Skin-Melanoma::SP82988	1.42E+03	1.40E+01	1.55E+03	1.95E+01	4.09E+02	8.60E+00	1.53E+01	6.95E+00	4.53E+01	5.76E+01	1.06E+01
Skin-Melanoma::SP82461	1.55E+03	1.72E+01	2.23E+03	2.14E+01	8.91E+02	1.14E+01	1.96E+01	8.61E+00	2.70E+01	4.38E+01	7.79E+00
Skin-Melanoma::SP82900	3.97E+03	3.64E+01	4.19E+03	8.81E-01	1.47E+03	2.71E+01	2.65E+01	4.79E+01	1.50E+02	1.80E+02	3.55E+01
Skin-Melanoma::SP82399	2.22E+03	1.31E+01	3.18E+03	1.32E+01	1.21E+03	1.27E+01	2.44E+01	1.06E+01	3.52E+01	4.01E+01	9.67E+00
Skin-Melanoma::SP82417	4.91E+03	2.38E+01	6.30E+03	2.88E+01	1.75E+03	2.56E+01	3.79E+01	6.87E+00	5.67E+01	5.77E+01	1.13E+01
Skin-Melanoma::SP104056	6.27E+03	3.57E+01	9.35E+03	7.45E+01	4.56E+03	0.00E+00	5.38E+01	5.81E+01	1.24E+02	0.00E+00	2.67E+01
Skin-Melanoma::SP83083	1.25E+03	1.42E+01	1.68E+03	1.99E+01	7.52E+02	9.28E+00	1.15E+01	1.40E+01	3.51E+01	2.41E+01	6.97E+00
Skin-Melanoma::SP83019	1.68E+03	1.48E+01	2.18E+03	2.13E+01	7.80E+02	9.62E+00	1.21E+01	1.03E+01	3.92E+01	3.09E+01	7.40E+00
Skin-Melanoma::SP83146	5.38E+03	4.54E+01	5.98E+03	3.33E+01	1.98E+03	1.86E+01	3.06E+01	4.53E+01	1.80E+02	1.76E+02	2.75E+01
Skin-Melanoma::SP103866	1.81E+03	1.38E+01	2.51E+03	1.80E+01	9.76E+02	9.65E-01	1.58E+01	8.95E+00	3.53E+01	1.95E+01	9.48E+00
Skin-Melanoma::SP83844	9.63E+02	1.10E+01	1.32E+03	1.53E+01	5.15E+02	8.77E+00	1.06E+01	7.04E+00	2.18E+01	2.24E+01	8.05E+00
Stomach-AdenoCA::SP135287	4.58E+01	3.37E+01	8.85E+02	6.91E+02	6.83E+01	2.46E+01	2.66E+02	1.40E+01	3.27E+01	3.02E+01	6.50E+00
Stomach-AdenoCA::SP85122	4.13E+01	9.51E+01	3.18E+02	1.36E+02	1.64E+02	5.28E+01	4.30E+02	1.77E+01	1.75E+01	1.59E+02	1.07E+01
Stomach-AdenoCA::SP84384	8.25E+01	0.00E+00	2.33E+03	1.95E+03	1.93E+02	0.00E+00	4.11E+02	2.99E+01	4.91E+01	1.89E+02	1.20E+01
Stomach-AdenoCA::SP84491	2.52E+01	2.59E+01	3.99E+01	6.52E+01	5.00E+01	2.26E+01	2.62E+01	4.10E+01	4.25E+01	3.10E+01	2.08E+01
Stomach-AdenoCA::SP84743	2.59E+01	2.14E+01	3.57E+01	2.42E+01	4.12E+01	2.28E+01	4.31E+01	3.58E+01	5.80E+01	2.09E+01	3.48E+01
Stomach-AdenoCA::SP84982	2.03E+01	3.27E+01	8.83E+02	6.52E+02	6.55E+01	4.14E+01	1.86E+02	2.66E+01	4.66E+01	9.21E+01	6.50E+00
Stomach-AdenoCA::SP84392	3.58E+01	1.98E+01	1.28E+03	9.09E+02	8.13E+01	3.69E+01	3.71E+02	2.39E+01	4.15E+01	8.49E+01	9.72E+00
Stomach-AdenoCA::SP105018	3.89E+01	3.77E+01	1.72E+02	1.45E+02	6.56E+01	7.01E+01	7.83E+01	1.24E+01	1.25E+02	6.88E+01	6.13E+01
Stomach-AdenoCA::SP84439	2.92E+02	3.61E+02	8.77E+03	6.23E+03	1.50E+03	5.69E+02	1.79E+03	7.74E+01	4.63E+02	1.83E+03	5.18E+01
Stomach-AdenoCA::SP84922	1.78E+01	2.28E+01	3.34E+01	4.10E+01	2.13E+01	1.55E+01	3.69E+01	4.76E+01	3.34E+01	1.97E+01	1.28E+01
Uterus-AdenoCA::SP90209	6.55E+01	5.67E+02	2.21E+04	2.05E+04	0.00E+00	0.00E+00	0.00E+00	0.00E+00	1.09E+02	1.03E+03	9.93E+00
Uterus-AdenoCA::SP93540	1.86E+01	3.24E+01	5.48E+02	2.21E+02	1.10E+02	2.94E+01	3.31E+02	1.22E+01	2.95E+01	7.91E+01	7.05E+00
Uterus-AdenoCA::SP93227	3.83E+02	2.93E+03	4.51E+04	4.04E+04	5.54E+02	2.14E+03	1.79E+03	1.85E+02	0.00E+00	2.13E+03	0.00E+00
Uterus-AdenoCA::SP94933	2.40E+01	1.59E+01	5.64E+01	1.34E+02	4.66E+01	2.57E+01	2.09E+02	1.88E+01	5.99E+01	3.37E+01	1.58E+01
Uterus-AdenoCA::SP92364	4.73E+01	3.36E+01	2.39E+02	2.17E+02	8.72E+00	0.00E+00	4.21E+02	3.81E+01	6.59E+01	6.12E+01	7.93E+00
Uterus-AdenoCA::SP92659	0.00E+00	2.76E+03	2.90E+03	1.63E+02	1.17E+02	1.32E+02	0.00E+00	3.04E+01	3.85E+01	7.07E+01	8.00E+00
