Samples	SBS96A	SBS96B	SBS96C	SBS96D	SBS96E	SBS96F	SBS96G
LUAD.US_SP50827	6.59E+02	1.97E+02	7.24E+02	6.10E+01	4.72E+01	4.09E+01	1.10E+01
LUAD.US_SP50263	3.75E+01	3.80E+01	7.00E+01	1.60E+01	2.62E+01	1.81E+01	5.70E+00
LUAD.US_SP50317	9.61E+01	5.02E+01	1.29E+02	6.01E+01	3.14E+01	1.33E+01	7.87E+00
LUAD.US_SP54113	1.39E+03	5.66E+02	1.54E+03	2.01E+02	6.39E+01	1.54E+02	3.23E+01
LUSC.US_SP56537	5.95E+02	2.59E+02	7.59E+02	5.46E+01	3.30E+01	7.54E+01	1.14E+01
LUAD.US_SP50406	2.54E+00	2.63E+00	3.06E+00	3.77E-01	2.35E+00	1.54E+00	5.48E-01
LUSC.US_SP57586	1.96E+02	2.37E+02	2.91E+02	5.11E+01	4.73E+01	6.81E+01	1.27E+01
LUAD.US_SP51824	1.18E+02	9.00E+01	8.92E+01	9.20E+01	6.32E+01	3.43E+01	5.47E+00
LUAD.US_SP55387	3.13E+02	1.20E+02	3.87E+02	2.74E+01	2.09E+01	2.52E+01	5.25E+00
LUAD.US_SP52779	5.76E+02	1.65E+02	5.98E+02	7.53E+01	4.82E+01	3.78E+01	7.85E+00
LUSC.US_SP56541	5.53E+02	2.06E+02	6.81E+02	7.10E+01	3.49E+01	6.67E+01	1.02E+01
LUSC.US_SP56553	3.95E+02	4.85E+02	8.07E+02	5.76E+02	1.86E+02	1.60E+02	3.72E+01
LUAD.US_SP55235	1.27E+03	5.28E+02	1.37E+03	2.28E+02	1.16E+02	1.36E+02	4.03E+01
LUAD.US_SP50713	7.49E+01	3.89E+01	7.17E+01	8.05E+01	3.12E+01	1.34E+01	2.92E+00
LUSC.US_SP56771	6.66E+01	6.97E+01	8.11E+01	2.15E+01	2.64E+01	2.41E+01	5.31E+00
LUSC.US_SP57941	1.29E+03	4.04E+02	1.57E+03	9.61E+01	5.33E+01	9.59E+01	1.76E+01
LUAD.US_SP50611	1.09E+03	2.81E+02	1.30E+03	7.76E+01	5.48E+01	7.31E+01	1.24E+01
LUSC.US_SP57818	9.98E+02	2.48E+02	1.14E+03	6.82E+01	5.16E+01	6.06E+01	1.23E+01
LUAD.US_SP50485	5.09E+00	1.16E+01	7.33E+00	1.84E+00	1.11E+01	6.49E+00	1.80E+00
LUSC.US_SP56460	2.43E+02	1.38E+02	1.18E+02	2.21E+02	6.98E+01	3.52E+01	1.14E+01
LUSC.US_SP56474	5.19E+01	6.28E+01	7.52E+01	6.50E+01	2.55E+01	2.18E+01	9.82E+00
LUAD.US_SP51037	8.15E+00	1.48E+01	9.81E+00	5.74E+00	1.35E+01	1.19E+01	3.38E+00
LUSC.US_SP56704	3.99E+02	3.52E+02	5.45E+02	8.36E+01	6.52E+01	9.35E+01	1.65E+01
LUAD.US_SP55142	1.67E+03	7.16E+02	1.66E+03	4.27E+02	1.11E+02	1.87E+02	4.14E+01
LUSC.US_SP56533	1.52E+02	1.43E+02	2.13E+02	3.04E+01	2.93E+01	4.26E+01	9.28E+00
LUSC.US_SP56730	2.32E+02	2.42E+02	3.37E+02	5.26E+01	4.35E+01	7.17E+01	1.32E+01
LUSC.US_SP59245	4.10E+02	2.21E+02	3.07E+02	2.33E+02	5.72E+01	6.30E+01	2.06E+01
LUAD.US_SP53387	3.70E+02	1.06E+02	4.35E+02	6.10E+02	1.90E+02	2.99E+01	1.12E+01
LUSC.US_SP57024	1.56E+02	1.41E+02	2.03E+02	3.11E+01	2.68E+01	4.23E+01	6.84E+00
LUAD.US_SP54745	1.21E+02	2.74E+01	5.31E+02	4.52E+02	5.13E+01	6.23E+00	1.67E+02
LUSC.US_SP57933	5.38E+02	3.17E+02	7.41E+02	7.53E+01	3.90E+01	9.25E+01	1.46E+01
LUSC.US_SP56754	3.12E+02	1.47E+02	3.49E+02	5.03E+01	2.46E+01	5.74E+01	8.17E+00
LUSC.US_SP56827	6.81E+02	2.54E+02	8.50E+02	5.39E+01	4.07E+01	7.53E+01	1.72E+01
LUAD.US_SP52284	2.08E+01	2.70E+01	2.52E+01	8.86E+00	1.55E+01	7.19E+00	3.43E+00
LUAD.US_SP53618	1.20E+03	3.16E+02	1.41E+03	8.19E+01	5.16E+01	7.94E+01	1.50E+01
LUAD.US_SP52232	3.70E+02	1.14E+02	4.51E+02	2.95E+01	2.08E+01	3.30E+01	6.72E+00
LUAD.US_SP50412	6.20E+00	9.83E+00	6.00E+00	2.36E+00	7.88E+00	6.02E+00	2.04E+00
LUSC.US_SP57084	2.63E+02	2.44E+02	2.62E+02	1.12E+02	6.96E+01	6.95E+01	1.33E+01
LUAD.US_SP50321	2.08E+02	6.47E+01	2.44E+02	1.51E+01	1.66E+01	1.54E+01	4.02E+00
LUAD.US_SP53548	1.54E+00	1.93E+01	1.01E+01	3.69E+00	6.23E+01	2.31E+01	5.90E+01
LUSC.US_SP57538	1.93E+02	2.73E+02	2.99E+02	7.19E+01	4.23E+01	9.66E+01	1.52E+01
LUSC.US_SP57735	3.75E+02	2.50E+02	5.08E+02	4.79E+01	3.04E+01	8.36E+01	1.25E+01
LUSC.US_SP57669	4.54E+02	2.82E+02	6.64E+02	8.02E+01	4.87E+01	1.09E+02	1.60E+01
LUSC.US_SP56566	1.09E+02	4.53E+01	2.40E+02	2.81E+02	6.90E+01	2.18E+01	4.89E+00
LUSC.US_SP56569	3.17E+02	2.09E+02	4.41E+02	4.39E+01	2.95E+01	7.55E+01	1.09E+01
LUSC.US_SP58342	8.33E+02	4.13E+02	7.99E+02	1.61E+02	3.27E+02	3.72E+02	2.86E+01
LUSC.US_SP58349	3.12E+02	3.45E+02	5.15E+02	8.55E+01	4.88E+01	9.95E+01	1.92E+01
LUSC.US_SP56644	3.89E+02	2.90E+02	4.56E+02	8.86E+01	5.84E+01	7.11E+01	1.40E+01
LUSC.US_SP57629	3.22E+02	2.14E+02	3.92E+02	5.76E+01	5.23E+01	4.16E+01	1.22E+01
LUSC.US_SP56941	4.61E+00	8.68E+00	6.85E+01	5.02E+01	1.79E+01	9.57E+00	1.32E+00
LUSC.US_SP57619	8.58E+02	3.10E+02	1.07E+03	6.97E+01	3.95E+01	9.44E+01	1.45E+01
LUSC.US_SP58245	5.95E+02	4.07E+02	8.45E+02	8.73E+01	5.45E+01	1.36E+02	1.99E+01
LUSC.US_SP57251	3.08E+02	2.94E+02	2.94E+02	1.62E+02	7.20E+01	9.83E+01	1.59E+01
LUAD.US_SP55004	2.32E+00	3.78E+00	3.19E+00	7.17E-01	2.98E+00	3.66E+00	6.30E-01
LUAD.US_SP56079	7.08E+02	2.13E+02	8.28E+02	5.17E+01	4.15E+01	5.41E+01	1.44E+01
LUSC.US_SP56502	4.26E+02	2.41E+02	4.60E+02	1.02E+02	3.71E+01	6.33E+01	1.29E+01
LUSC.US_SP58668	3.24E+02	3.71E+02	3.80E+02	1.01E+02	8.20E+01	1.40E+02	2.06E+01
LUSC.US_SP58101	2.26E+02	2.71E+02	3.73E+02	6.98E+01	4.57E+01	1.04E+02	1.61E+01
LUSC.US_SP58991	1.94E+02	1.78E+02	2.18E+02	6.08E+01	5.73E+01	4.69E+01	9.66E+00
LUSC.US_SP56607	1.31E+02	1.14E+02	1.48E+02	3.76E+01	3.71E+01	4.71E+01	7.24E+00
LUAD.US_SP56168	5.46E+01	7.84E+01	7.81E+02	6.14E+02	1.54E+02	2.35E+01	1.16E+01
LUSC.US_SP58326	7.15E+02	4.25E+02	9.68E+02	9.03E+01	4.48E+01	1.27E+02	1.87E+01
LUAD.US_SP54363	5.87E+02	1.56E+02	4.38E+02	2.22E+02	7.04E+01	3.60E+01	1.07E+01
LUAD.US_SP53810	2.78E+03	7.90E+02	3.51E+03	2.63E+02	1.80E+02	2.14E+02	3.75E+01
LUAD.US_SP50518	2.14E+01	2.79E+01	2.50E+01	8.15E+00	1.75E+01	8.38E+00	4.15E+00
LUAD.US_SP56303	2.16E+02	6.69E+01	2.80E+02	2.36E+01	5.70E+01	2.06E+01	1.02E+01
LUSC.US_SP57267	5.64E+02	3.36E+02	7.23E+02	7.10E+01	3.96E+01	9.32E+01	1.56E+01
LUAD.US_SP55711	2.12E+01	3.28E+01	3.87E+01	4.09E+01	3.17E+01	4.73E+00	4.47E+00
LUSC.US_SP57066	4.93E+02	2.91E+02	6.12E+02	6.94E+01	5.46E+01	8.05E+01	1.31E+01
LUSC.US_SP57901	2.60E+02	1.60E+02	3.28E+02	3.60E+01	3.45E+01	5.43E+01	1.05E+01
LUAD.US_SP55509	1.26E+03	3.44E+02	1.47E+03	8.14E+01	5.23E+01	8.27E+01	1.48E+01
LUSC.US_SP57651	7.88E+01	9.54E+01	7.65E+01	2.27E+01	2.50E+01	3.66E+01	7.65E+00
LUAD.US_SP55309	3.84E+00	7.30E+00	6.50E+00	2.07E+00	8.34E+00	5.38E+00	1.09E+00
LUAD.US_SP52607	8.61E+00	1.11E+01	2.78E+01	1.39E+01	2.02E+01	9.66E+00	1.99E+00
LUAD.US_SP52667	5.04E+02	1.58E+02	6.12E+02	3.81E+01	2.99E+01	3.53E+01	9.64E+00
LUSC.US_SP57450	7.41E+01	6.98E+01	1.28E+02	1.47E+02	4.11E+01	2.46E+01	7.70E+00
LUSC.US_SP57846	2.02E+02	1.40E+02	3.24E+02	3.52E+02	1.13E+02	7.04E+01	9.86E+00
LUSC.US_SP58612	3.00E+02	1.23E+02	3.01E+02	3.93E+01	9.70E+01	1.12E+02	1.28E+01
LUSC.US_SP56821	2.71E+02	1.24E+02	3.05E+02	3.47E+01	6.80E+01	9.17E+01	1.01E+01
LUAD.US_SP51446	1.45E+01	2.45E+01	3.28E+01	1.28E+01	3.57E+01	1.25E+01	2.23E+00
LUAD.US_SP50592	8.53E+00	2.22E+01	1.69E+01	6.09E+00	2.29E+01	1.05E+01	3.09E+00
LUAD.US_SP53073	1.42E+02	1.00E+02	1.92E+02	2.20E+01	2.23E+01	3.61E+01	3.03E+01
LUSC.US_SP58882	1.20E+02	1.52E+02	1.35E+02	3.55E+01	3.29E+01	5.88E+01	1.14E+01
LUSC.US_SP57189	1.51E+03	6.31E+02	1.87E+03	1.25E+02	4.96E+01	1.85E+02	2.47E+01
