Samples	SBS96A	SBS96B	SBS96C	SBS96D	SBS96E	SBS96F	SBS96G	SBS96H	SBS96I	SBS96J	SBS96K	SBS96L
Biliary-AdenoCA::SP99325	9.54E+01	6.47E+01	1.96E+03	1.83E+03	5.57E+01	2.01E+02	1.24E+03	1.83E+01	1.45E+03	2.67E+02	2.48E+02	2.51E+01
Bladder-TCC::SP1059	1.26E+01	6.15E+01	9.64E+01	3.10E+01	1.25E+02	3.75E+01	6.24E+01	1.36E+01	2.89E+01	1.00E+02	5.29E+01	7.32E+01
Bladder-TCC::SP96136	2.68E+01	1.96E+02	1.00E+02	8.59E+01	3.15E+01	5.31E+01	3.46E+01	2.75E+01	5.20E+01	6.41E+01	3.07E+01	1.93E+02
Breast-AdenoCA::SP117369	5.64E+00	3.30E+02	6.98E+00	2.29E+01	5.71E+00	2.48E+00	7.43E+00	9.07E-01	2.73E+00	1.87E+01	8.95E-01	3.09E+02
Breast-AdenoCA::SP2293	1.51E+01	3.71E+02	1.27E+01	2.38E+01	9.44E+00	0.00E+00	0.00E+00	1.48E+00	1.70E+01	0.00E+00	0.00E+00	3.48E+02
CNS-GBM::SP25494	2.55E+01	7.16E+02	8.99E+02	1.15E+02	5.12E+01	1.19E+02	4.56E+01	9.06E+00	1.03E+02	1.76E+02	2.13E+02	1.19E+01
ColoRect-AdenoCA::SP18310	1.16E+02	8.01E+01	1.38E+02	7.20E+02	9.26E+01	1.52E+02	5.66E+02	3.73E+01	4.04E+02	5.89E+01	1.08E+02	1.13E+01
ColoRect-AdenoCA::SP17172	1.02E+02	8.02E+01	5.22E+01	7.72E+02	9.26E+01	1.18E+02	4.96E+02	4.57E+01	4.22E+02	9.06E+01	8.36E+00	1.31E+01
ColoRect-AdenoCA::SP96133	3.96E+01	3.60E+01	7.93E+01	5.79E+02	7.57E+01	6.72E+01	2.76E+02	2.75E+01	4.15E+02	5.77E+01	8.42E+01	1.16E+01
ColoRect-AdenoCA::SP110242	7.39E+01	4.62E+01	1.12E+02	1.48E+03	6.23E+01	7.59E+01	3.77E+02	2.45E+01	1.15E+03	8.37E+00	9.15E+01	1.20E+01
ColoRect-AdenoCA::SP21017	5.11E+01	6.26E+01	2.22E+02	1.45E+03	3.09E+01	8.27E+01	2.35E+02	4.35E+01	1.20E+03	1.89E+01	8.79E+01	1.08E+01
ColoRect-AdenoCA::SP22383	5.23E+01	2.31E+01	3.71E+02	1.30E+03	4.42E+01	6.79E+01	2.88E+02	1.35E+02	1.06E+03	5.14E+01	1.25E+02	7.73E+00
ColoRect-AdenoCA::SP81312	2.27E+04	1.47E+03	1.85E+04	2.36E+04	5.83E+01	0.00E+00	4.42E+02	0.00E+00	2.70E+03	1.68E+01	6.66E+02	1.05E+01
ColoRect-AdenoCA::SP22031	3.54E+03	4.69E+01	2.23E+03	3.62E+03	7.91E+01	6.02E+01	2.42E+01	3.06E+01	3.05E+02	4.12E+01	4.04E+01	4.83E+00
ColoRect-AdenoCA::SP19215	9.31E+00	2.04E+01	1.50E+02	7.21E+02	3.60E+01	4.13E+01	3.65E+02	2.84E+01	4.74E+02	3.35E+01	4.35E+01	6.79E+00
ColoRect-AdenoCA::SP16886	8.80E+03	1.11E+02	4.78E+03	9.15E+03	3.68E+02	1.76E+02	4.73E+02	3.36E+02	7.46E+02	4.90E+01	8.21E+01	1.94E+01
ColoRect-AdenoCA::SP19295	4.26E+03	1.09E+02	3.01E+03	4.14E+03	6.13E+01	0.00E+00	4.80E+00	2.86E+01	2.98E+02	6.19E+01	9.28E+01	6.57E+00
ColoRect-AdenoCA::SP17905	1.48E+04	7.08E+02	9.06E+03	1.28E+04	1.14E+03	1.18E+03	2.92E+03	2.17E+03	1.65E+03	1.38E+03	1.12E+03	0.00E+00
ColoRect-AdenoCA::SP18121	5.64E+01	7.19E+01	1.52E+03	2.11E+03	1.30E+02	2.08E+02	9.17E+02	4.67E+01	1.51E+03	1.94E+02	3.83E+02	1.28E+01
ColoRect-AdenoCA::SP21400	1.86E+04	9.94E+02	1.52E+04	1.95E+04	0.00E+00	4.61E+02	1.36E+03	3.01E+02	2.01E+03	1.63E+01	4.45E+02	1.15E+01
ColoRect-AdenoCA::SP18946	1.23E+04	2.65E+02	8.77E+03	9.75E+03	1.69E+02	4.83E+02	6.81E+02	2.59E+02	2.06E+03	0.00E+00	5.96E+02	1.22E+01
ColoRect-AdenoCA::SP80615	2.20E+04	3.39E+02	1.29E+04	2.00E+04	8.10E+02	7.73E+02	1.89E+03	1.77E+03	2.24E+02	7.02E+02	1.04E+03	3.31E+01
Eso-AdenoCA::SP111058	2.29E+01	4.80E+00	4.00E+01	1.64E+02	2.40E+01	9.40E+00	5.07E+01	1.30E+02	3.61E+01	5.96E+01	2.86E+01	1.25E+01
Eso-AdenoCA::SP111066	2.71E+01	2.87E+01	6.23E+01	1.61E+02	2.86E+01	3.56E+01	6.88E+01	1.27E+02	2.58E+01	8.00E+01	3.56E+01	2.66E+01
Eso-AdenoCA::SP111113	3.01E+01	1.95E+01	1.24E+02	2.43E+02	3.34E+01	3.22E+01	5.99E+01	1.91E+02	4.18E+01	7.97E+01	4.74E+01	1.35E+01
Eso-AdenoCA::SP110865	2.26E+01	3.62E+01	2.05E+02	1.87E+02	6.08E+01	2.86E+01	4.33E+01	1.22E+02	2.96E+01	1.27E+02	3.71E+01	3.15E+01
Eso-AdenoCA::SP23502	2.57E+01	4.50E+01	8.77E+01	1.93E+02	2.92E+01	5.75E+01	3.87E+01	1.46E+02	5.86E+01	5.94E+01	1.56E+01	4.06E+01
Eso-AdenoCA::SP111001	3.93E+01	3.80E+01	7.02E+01	1.40E+02	4.86E+01	7.58E+01	5.96E+00	1.04E+02	5.80E+01	5.21E+01	1.76E+01	4.35E+01
Eso-AdenoCA::SP111173	4.51E+01	4.10E+01	2.91E+02	4.23E+02	0.00E+00	8.43E+01	1.04E+02	3.13E+02	7.52E+01	1.28E+02	3.29E+01	2.76E+01
Eso-AdenoCA::SP111091	1.62E+01	4.18E+01	2.56E+01	1.10E+02	3.16E+01	8.76E+01	4.24E+01	7.77E+01	3.51E+01	5.69E+01	2.29E+01	4.69E+01
Eso-AdenoCA::SP111175	5.23E+01	2.44E+01	4.34E+02	4.88E+02	7.61E+01	3.34E+01	7.73E+01	4.27E+02	7.20E+01	1.44E+02	0.00E+00	3.02E+01
Eso-AdenoCA::SP111114	4.67E+01	2.41E+01	7.53E+01	1.54E+02	4.58E+01	4.03E+01	2.62E+01	1.08E+02	8.15E+01	5.30E+01	1.41E+01	1.84E+01
Head-SCC::SP30113	1.13E+01	3.01E+01	6.94E+01	2.59E+01	4.37E+02	6.80E+01	7.87E+01	1.70E+01	6.96E+01	4.31E+02	8.34E+01	3.75E+01
Head-SCC::SP30332	1.75E+01	2.81E+01	3.58E+01	7.83E+00	2.48E+02	5.90E+01	4.67E+01	8.87E+00	3.97E+01	2.50E+02	5.18E+01	2.81E+01
Head-SCC::SP30675	1.41E+01	2.96E+01	4.27E+01	7.07E+00	3.14E+02	5.99E+01	4.77E+01	8.59E+00	5.17E+01	3.25E+02	5.64E+01	2.63E+01
Liver-HCC::SP98090	5.88E+01	7.00E+01	3.30E+02	1.64E+02	3.56E+01	7.97E+01	3.44E+02	2.05E+01	2.97E+01	2.32E+02	6.37E+01	3.43E+01
Lung-AdenoCA::SP53460	1.46E+01	2.92E+01	2.27E+01	1.01E+02	2.50E+02	7.77E+01	2.96E+01	5.95E+00	2.82E+01	2.83E+02	4.54E+01	3.60E+01
Lung-AdenoCA::SP54113	3.26E+00	7.42E+01	3.91E+01	6.81E+01	5.05E+02	1.19E+02	5.60E+01	1.26E+01	4.51E+01	5.69E+02	7.34E+01	7.02E+01
Lung-AdenoCA::SP55235	1.83E+01	7.96E+01	3.25E+01	1.06E+02	5.21E+02	1.59E+02	5.58E+01	1.80E+01	4.66E+01	5.86E+02	6.86E+01	9.24E+01
Lung-AdenoCA::SP50611	8.32E+00	2.73E+01	3.81E+01	1.10E+02	2.46E+02	6.64E+01	1.96E+01	4.44E+00	4.73E+01	3.04E+02	4.78E+01	2.49E+01
Lung-AdenoCA::SP55142	4.41E+01	6.08E+01	1.96E+02	1.81E+02	6.07E+02	7.62E+01	8.78E+01	2.61E+01	4.82E+01	6.34E+02	8.90E+01	7.34E+01
Lung-AdenoCA::SP53618	1.24E+01	2.69E+01	8.01E+00	9.80E+01	2.87E+02	1.00E+02	2.08E+01	5.28E+00	2.50E+01	3.59E+02	5.01E+01	3.62E+01
Lung-AdenoCA::SP53810	3.05E+01	7.06E+01	2.92E+01	3.39E+02	9.24E+02	3.34E+02	0.00E+00	6.60E-01	3.60E+01	1.22E+03	1.94E+02	8.77E+01
Lung-AdenoCA::SP55509	1.59E+01	3.18E+01	2.18E+01	1.15E+02	3.13E+02	9.38E+01	2.75E+01	5.37E+00	3.39E+01	3.85E+02	5.93E+01	3.51E+01
Lung-SCC::SP56553	2.49E+01	0.00E+00	3.78E+02	6.08E+01	3.39E+02	6.69E+01	9.99E+01	2.50E+01	7.42E+01	2.92E+02	1.14E+02	1.39E+02
Lung-SCC::SP57941	1.62E+01	2.80E+01	2.39E+01	8.62E+01	3.69E+02	9.46E+01	2.97E+01	8.68E+00	2.43E+01	4.29E+02	5.19E+01	3.72E+01
Lung-SCC::SP57818	1.62E+01	2.54E+01	4.31E+01	1.12E+02	2.12E+02	5.98E+01	1.82E+01	4.03E+00	4.52E+01	2.61E+02	4.27E+01	2.39E+01
Lung-SCC::SP56704	2.55E+00	2.39E+01	2.73E+01	7.20E-01	2.61E+02	6.44E+01	4.59E+01	7.09E+00	4.51E+01	2.69E+02	4.31E+01	2.50E+01
Lung-SCC::SP59245	1.20E+01	6.46E+01	4.69E+01	3.61E+01	1.93E+02	3.52E+01	3.37E+01	1.87E+01	2.58E+01	1.78E+02	3.75E+01	6.11E+01
Lung-SCC::SP57933	2.11E+01	1.14E+01	6.25E+01	7.77E+01	2.22E+02	8.48E-01	5.57E+01	1.51E+01	3.09E+01	2.05E+02	3.33E+01	2.39E+01
Lung-SCC::SP57669	1.56E+01	2.25E+01	4.65E+01	4.16E+01	2.28E+02	2.83E+01	4.52E+01	1.41E+01	3.39E+01	2.12E+02	4.11E+01	2.84E+01
Lung-SCC::SP58342	1.78E+01	4.79E+01	1.58E+02	1.36E+01	3.24E+02	4.38E+01	8.61E+01	7.35E+00	8.57E+01	3.44E+02	6.94E+01	3.01E+01
Lung-SCC::SP57619	1.66E+01	1.67E+01	3.15E+01	7.02E+01	2.50E+02	4.57E+01	3.43E+01	7.19E+00	2.02E+01	2.72E+02	3.54E+01	1.94E+01
Lung-SCC::SP58245	2.44E+01	7.32E+00	7.78E+01	2.37E+01	2.67E+02	3.50E+01	6.29E+01	8.10E+00	5.05E+01	2.66E+02	5.36E+01	1.95E+01
Lung-SCC::SP57251	1.56E+01	4.58E+01	4.32E+01	3.17E+01	2.02E+02	4.82E+01	5.25E+01	1.08E+01	3.49E+01	1.90E+02	4.65E+01	4.48E+01
Lung-SCC::SP58668	1.88E+01	2.17E+01	5.51E+01	3.00E+01	2.92E+02	4.73E+01	6.71E+01	1.32E+01	4.98E+01	2.58E+02	6.37E+01	2.50E+01
Lung-SCC::SP58326	2.03E+01	2.66E+01	4.23E+01	1.90E+01	3.65E+02	7.34E+01	5.27E+01	9.02E+00	5.24E+01	3.83E+02	5.86E+01	2.70E+01
Lung-SCC::SP57267	1.61E+01	2.48E+01	3.50E+01	3.38E+01	2.28E+02	5.87E+01	4.26E+01	8.89E+00	2.62E+01	2.34E+02	3.64E+01	1.89E+01
Lung-SCC::SP57066	1.46E+01	3.18E+01	3.04E+01	3.88E+01	2.83E+02	5.58E+01	4.28E+01	6.30E+00	2.06E+01	2.98E+02	3.85E+01	2.82E+01
Lung-SCC::SP57846	1.35E+01	7.23E+01	4.12E+01	3.28E+01	1.84E+02	2.99E+01	3.29E+01	5.33E+00	4.15E+01	1.84E+02	3.76E+01	7.52E+01
Lung-SCC::SP57189	2.05E+01	4.51E+01	7.15E+01	3.88E+01	5.76E+02	7.45E+01	7.14E+01	1.10E+01	8.31E+01	6.18E+02	8.57E+01	4.47E+01
Lymph-BNHL::SP116668	3.48E+01	3.40E+01	3.71E+02	3.91E+02	2.70E+01	5.32E+01	9.58E+01	2.81E+02	7.78E+01	1.71E+02	4.13E+01	1.43E+01
Lymph-BNHL::SP116697	1.40E+02	1.60E+02	1.50E+03	1.19E+03	3.16E+01	1.21E+02	3.54E+02	6.11E+02	5.61E+02	8.11E+02	1.31E+02	9.25E+01
Panc-AdenoCA::SP125732	7.55E+01	3.79E+01	2.50E+02	4.61E+02	3.49E+01	8.15E+01	3.22E+02	2.63E+01	2.99E+02	0.00E+00	0.00E+00	8.71E+00
Panc-AdenoCA::SP125770	3.73E+01	0.00E+00	8.31E+01	3.90E+02	1.02E+02	7.60E+01	1.81E+02	2.00E+01	2.27E+02	9.92E+01	2.87E+01	1.04E+01
Skin-Melanoma::SP124389	9.20E+00	1.02E+03	1.29E+03	3.28E+01	1.18E+01	2.93E+02	1.48E+01	6.92E+00	1.19E+01	2.45E+01	2.09E+01	6.40E+00
Skin-Melanoma::SP124362	1.84E+01	3.13E+03	3.85E+03	6.90E+01	1.80E+01	7.99E+02	3.77E+01	1.48E+01	1.96E+01	5.53E+01	5.26E+01	9.65E+00
Skin-Melanoma::SP124394	8.30E+00	1.86E+03	2.40E+03	4.44E+01	1.41E+00	5.45E+02	2.49E+01	6.24E+00	1.12E+01	3.36E+01	3.68E+01	7.50E+00
Skin-Melanoma::SP124334	9.45E+00	1.23E+03	1.62E+03	5.06E+01	1.69E+01	4.27E+02	1.82E+01	1.53E+01	8.90E+00	3.77E+01	2.60E+01	1.06E+01
Skin-Melanoma::SP124454	6.76E+00	8.20E+02	9.93E+02	2.36E+01	1.45E+01	1.94E+02	1.29E+01	7.26E+00	1.71E+01	2.22E+01	2.24E+01	5.95E+00
Skin-Melanoma::SP124380	1.65E+01	2.22E+03	2.88E+03	1.18E+02	8.21E+00	7.60E+02	2.49E+01	3.61E+01	2.29E+01	7.70E+01	4.35E+01	9.32E+00
Skin-Melanoma::SP124399	1.40E+01	2.00E+03	2.62E+03	1.79E+01	1.37E+01	6.56E+02	2.47E+01	1.66E+01	1.31E+01	4.48E+01	2.83E+01	8.37E+00
Skin-Melanoma::SP124311	1.56E+01	1.43E+03	2.27E+03	1.29E+02	0.00E+00	9.38E+02	3.61E+01	3.99E+01	7.12E+00	1.09E+02	6.22E+01	1.03E+01
Skin-Melanoma::SP124434	1.61E+01	1.01E+03	1.21E+03	4.85E+01	1.97E+01	2.64E+02	1.43E+01	8.99E+00	1.88E+01	3.26E+01	3.36E+01	6.74E+00
Skin-Melanoma::SP124428	2.80E+01	4.28E+03	5.12E+03	1.08E+02	3.63E+01	9.61E+02	4.98E+01	2.41E+01	4.53E+01	1.07E+02	8.54E+01	1.50E+01
Skin-Melanoma::SP124449	1.43E+01	2.10E+03	2.53E+03	6.24E+01	1.39E+01	4.85E+02	2.45E+01	1.15E+01	3.10E+01	6.30E+01	3.98E+01	8.41E+00
Skin-Melanoma::SP124298	1.93E+01	6.05E+03	9.41E+03	9.15E+01	3.53E+01	3.42E+03	6.36E+01	3.04E+01	3.02E+01	8.72E+01	1.84E+02	1.92E+01
Skin-Melanoma::SP124431	1.20E+01	1.31E+03	2.10E+03	3.09E+01	1.55E+01	8.41E+02	1.16E+01	1.29E+01	1.26E+01	1.94E+01	4.60E+01	7.93E+00
Skin-Melanoma::SP124409	2.48E+01	3.21E+03	3.61E+03	3.68E+01	4.27E+00	4.78E+02	3.67E+01	1.54E+01	1.74E+01	8.23E+01	4.98E+01	1.54E+01
Skin-Melanoma::SP124376	1.07E+01	7.68E+02	9.24E+02	4.15E+01	9.87E+00	1.92E+02	1.13E+01	2.84E+00	1.38E+01	1.79E+01	1.91E+01	5.09E+00
Skin-Melanoma::SP124439	2.17E+01	3.74E+03	4.51E+03	3.24E+01	3.23E+01	1.01E+03	1.54E+01	6.38E+01	0.00E+00	7.84E+01	1.14E+02	2.18E+01
Skin-Melanoma::SP124406	4.60E+00	9.30E+02	1.28E+03	3.54E+01	1.69E+01	4.00E+02	1.46E+01	1.79E+01	1.36E+01	1.84E+01	2.88E+01	8.76E+00
Skin-Melanoma::SP124382	2.95E+01	7.40E+03	1.15E+04	5.20E+01	5.19E+01	4.12E+03	7.53E+01	6.09E+01	2.87E+01	1.22E+02	1.80E+02	2.56E+01
Skin-Melanoma::SP124415	8.18E+01	7.53E+03	6.58E+03	8.88E+01	2.00E+02	1.62E+03	4.81E+00	1.97E+02	1.50E+01	4.93E+02	6.49E+02	9.39E+01
Skin-Melanoma::SP124436	6.16E+01	4.53E+03	6.11E+03	2.06E+02	4.66E+01	1.70E+03	8.61E+01	4.74E+01	2.62E+01	2.00E+02	1.46E+00	2.78E+01
Skin-Melanoma::SP124460	1.22E+01	2.33E+03	2.95E+03	3.68E+01	1.45E+01	6.67E+02	2.64E+01	1.69E+01	1.56E+01	4.50E+01	3.52E+01	8.61E+00
Skin-Melanoma::SP124425	9.21E+00	1.20E+03	1.63E+03	5.40E+01	1.37E+01	4.68E+02	1.83E+01	1.59E+01	1.50E+01	4.81E+01	2.69E+01	9.52E+00
Skin-Melanoma::SP124367	1.31E+01	2.14E+03	2.83E+03	4.68E+01	1.77E+01	7.13E+02	2.32E+01	2.62E+01	0.00E+00	3.68E+01	4.16E+01	9.64E+00
Skin-Melanoma::SP124377	7.66E+00	8.24E+02	1.22E+03	2.75E+01	1.15E+01	4.30E+02	9.96E+00	1.01E+01	9.17E+00	2.44E+01	2.70E+01	6.15E+00
Skin-Melanoma::SP124412	7.94E+00	1.08E+03	1.51E+03	6.24E+01	2.23E+01	4.53E+02	1.73E+01	7.56E+00	3.83E+01	0.00E+00	3.51E+01	2.23E+00
Skin-Melanoma::SP124329	6.22E+00	7.46E+02	9.72E+02	1.59E+01	5.25E+00	2.36E+02	1.21E+01	4.13E+00	7.11E+00	2.02E+01	1.59E+01	5.01E+00
Skin-Melanoma::SP124326	7.01E+00	9.35E+02	1.26E+03	3.40E+01	2.59E+01	3.42E+02	1.49E+01	8.08E+00	1.84E+01	3.10E+01	2.81E+01	7.51E+00
Skin-Melanoma::SP124458	1.93E+01	2.33E+03	3.33E+03	7.37E+01	1.81E+01	1.05E+03	2.79E+01	1.59E+01	2.32E+01	3.64E+01	5.23E+01	8.91E+00
Skin-Melanoma::SP124401	2.24E+01	6.27E+03	8.99E+03	1.17E+02	4.48E+01	2.78E+03	5.85E+01	3.89E+01	1.36E+01	1.01E+02	1.83E+02	2.08E+01
Skin-Melanoma::SP124384	1.91E+01	2.13E+03	2.93E+03	2.16E+02	4.54E+01	7.93E+02	1.17E+02	2.17E+01	1.26E+02	4.98E+01	9.06E+01	9.67E+00
Skin-Melanoma::SP124462	9.94E+00	1.72E+03	2.32E+03	3.62E+01	1.54E+01	6.22E+02	2.30E+01	7.66E+00	1.80E+01	2.98E+01	3.02E+01	7.44E+00
Skin-Melanoma::SP124452	1.65E+01	1.39E+03	1.91E+03	6.62E+01	1.19E+01	5.57E+02	1.81E+01	6.67E+00	1.74E+01	3.12E+01	4.35E+01	6.23E+00
Skin-Melanoma::SP124386	1.68E+01	1.80E+03	2.31E+03	7.24E+01	1.44E+01	5.57E+02	2.91E+01	5.55E+00	2.15E+01	3.92E+01	3.29E+01	9.36E+00
Skin-Melanoma::SP124418	1.53E+01	1.43E+03	1.89E+03	6.60E+01	1.68E+01	5.08E+02	1.79E+01	1.32E+01	1.74E+01	4.63E+01	2.26E+01	8.47E+00
Skin-Melanoma::SP124319	1.55E+01	2.64E+03	3.00E+03	3.82E+01	1.81E+01	4.70E+02	2.53E+01	2.30E+01	1.59E+01	7.16E+01	7.69E+01	1.15E+01
Skin-Melanoma::SP124447	4.30E+01	5.35E+03	7.09E+03	1.17E+02	4.69E+01	2.01E+03	4.61E+01	8.74E+01	3.59E+01	1.43E+02	9.73E+01	2.49E+01
Skin-Melanoma::SP124369	9.21E+00	2.14E+03	2.89E+03	4.20E+01	1.39E+01	7.89E+02	2.43E+01	6.68E+00	1.70E+01	3.75E+01	4.09E+01	8.01E+00
Skin-Melanoma::SP124365	9.88E+00	9.82E+02	1.31E+03	3.54E+01	1.98E+01	3.56E+02	2.30E+01	9.73E+00	1.64E+01	2.78E+01	1.96E+01	6.12E+00
Skin-Melanoma::SP124420	6.42E+00	1.14E+03	1.50E+03	3.91E+01	4.40E+00	3.76E+02	1.60E+01	4.92E+00	1.43E+01	2.97E+01	3.38E+01	6.30E+00
Skin-Melanoma::SP124364	2.27E+01	1.48E+03	1.96E+03	6.06E+01	2.42E+01	5.38E+02	2.29E+01	9.15E+00	2.07E+01	2.75E+01	3.17E+01	9.32E+00
Skin-Melanoma::SP124307	9.00E+00	1.66E+03	2.05E+03	2.08E+01	1.70E+01	4.32E+02	1.95E+01	1.19E+01	1.25E+01	4.17E+01	3.78E+01	8.27E+00
Skin-Melanoma::SP82445	5.31E+01	6.69E+03	6.73E+03	1.36E+02	9.29E+01	1.32E+03	2.83E+01	2.13E+02	6.77E+01	2.03E+02	2.51E+02	6.48E+01
Skin-Melanoma::SP83242	0.00E+00	9.46E+02	1.47E+03	6.79E+01	2.72E+01	5.66E+02	1.62E+01	8.33E+00	3.99E+01	0.00E+00	4.89E+01	7.46E+00
Skin-Melanoma::SP103894	1.50E+01	2.17E+03	2.95E+03	9.00E+01	9.93E+00	8.65E+02	2.34E+01	2.38E+01	2.30E+01	7.73E+01	3.81E+01	1.20E+01
Skin-Melanoma::SP83382	1.11E+01	7.39E+02	9.35E+02	4.31E+01	1.40E+01	2.37E+02	1.45E+01	6.78E+00	1.59E+01	2.03E+01	2.57E+01	4.71E+00
Skin-Melanoma::SP82451	1.21E+01	6.56E+02	9.93E+02	4.11E+01	2.23E+01	3.71E+02	1.42E+01	7.94E+00	1.71E+01	3.28E+01	2.89E+01	7.21E+00
Skin-Melanoma::SP83312	5.51E+00	7.45E+02	1.04E+03	2.05E+01	1.15E+01	3.05E+02	1.02E+01	7.51E+00	1.10E+01	1.92E+01	2.53E+01	5.89E+00
Skin-Melanoma::SP82614	6.10E+00	8.48E+02	1.28E+03	2.20E+01	9.08E+00	4.54E+02	9.51E+00	6.43E+00	9.64E+00	2.07E+01	3.14E+01	6.04E+00
Skin-Melanoma::SP82431	5.78E+01	4.07E+03	5.81E+03	1.38E+02	0.00E+00	2.09E+03	5.31E+01	1.21E+02	2.20E+01	1.59E+02	1.17E+02	2.87E+01
Skin-Melanoma::SP82459	8.06E+00	1.30E+03	1.75E+03	4.42E+01	7.90E+00	4.66E+02	2.56E+01	1.21E+01	9.76E+00	4.38E+01	3.43E+01	7.01E+00
Skin-Melanoma::SP82532	3.03E+01	2.99E+03	5.20E+03	1.38E+02	2.86E+01	2.37E+03	3.11E+01	4.26E+01	1.80E+01	8.87E+01	1.74E+02	1.92E+01
Skin-Melanoma::SP83482	2.27E+01	8.68E+02	1.11E+03	8.30E+01	1.24E+01	3.19E+02	1.06E+01	2.80E+01	1.68E+01	5.56E+01	3.36E+01	7.76E+00
Skin-Melanoma::SP104530	1.27E+01	8.52E+02	1.11E+03	6.23E+01	3.47E+01	3.07E+02	2.67E+01	1.78E+01	3.22E+01	6.84E+01	3.63E+01	1.08E+01
Skin-Melanoma::SP82644	1.62E+01	3.61E+03	4.46E+03	5.52E+01	1.84E+01	9.24E+02	5.12E+01	1.52E+01	1.92E+01	6.08E+01	5.54E+01	1.38E+01
Skin-Melanoma::SP82988	1.65E+01	1.13E+03	1.16E+03	9.88E+01	9.26E+00	1.50E+02	2.53E+01	8.30E+00	2.45E+01	3.67E+01	4.79E+01	8.67E+00
Skin-Melanoma::SP82461	2.15E+01	1.23E+03	1.72E+03	8.87E+01	1.15E+01	5.54E+02	2.18E+01	9.59E+00	2.75E+01	3.36E+01	3.90E+01	7.39E+00
Skin-Melanoma::SP82900	2.00E+01	3.09E+03	3.18E+03	6.11E+01	3.49E+01	3.93E+02	2.06E+01	3.56E+01	1.64E+00	9.57E+01	1.55E+02	2.86E+01
Skin-Melanoma::SP82399	1.32E+01	1.77E+03	2.48E+03	5.35E+01	1.40E+01	7.46E+02	2.33E+01	1.25E+01	1.07E+01	4.02E+01	3.76E+01	8.90E+00
Skin-Melanoma::SP82417	2.38E+01	3.92E+03	4.86E+03	9.96E+01	2.30E+01	1.03E+03	5.62E+01	1.48E+01	3.07E+01	4.44E+01	5.98E+01	9.39E+00
Skin-Melanoma::SP104056	2.22E+01	4.82E+03	7.53E+03	4.10E+01	0.00E+00	2.84E+03	1.12E+02	5.61E+01	4.81E+01	1.24E+02	0.00E+00	2.17E+01
Skin-Melanoma::SP83083	1.45E+01	9.83E+02	1.34E+03	4.93E+01	1.14E+01	4.02E+02	1.32E+01	1.28E+01	2.34E+01	2.53E+01	2.71E+01	6.71E+00
Skin-Melanoma::SP83019	1.45E+01	1.34E+03	1.70E+03	6.28E+01	1.27E+01	4.15E+02	1.95E+01	1.15E+01	2.39E+01	2.65E+01	3.41E+01	6.41E+00
Skin-Melanoma::SP83146	3.47E+01	4.19E+03	4.62E+03	1.15E+02	4.03E+01	6.79E+02	4.80E+01	5.11E+01	3.57E+01	1.38E+02	1.52E+02	2.04E+01
Skin-Melanoma::SP103866	9.90E+00	1.43E+03	1.95E+03	4.99E+01	1.85E+00	5.69E+02	1.54E+01	1.03E+01	1.53E+01	4.17E+01	1.70E+01	7.98E+00
Skin-Melanoma::SP83844	1.10E+01	7.63E+02	1.02E+03	5.24E+01	9.27E+00	2.86E+02	1.24E+01	7.44E+00	1.79E+01	2.36E+01	2.24E+01	7.12E+00
Stomach-AdenoCA::SP135287	4.27E+01	3.67E+01	2.38E+02	7.05E+02	2.76E+01	4.78E+01	2.23E+02	1.72E+01	5.39E+02	3.06E+01	3.46E+01	5.98E+00
Stomach-AdenoCA::SP85122	1.01E+02	4.23E+01	8.14E+01	3.65E+02	6.82E+01	1.14E+02	4.12E+02	2.71E+01	2.57E+02	3.90E+01	1.24E+02	9.40E+00
Stomach-AdenoCA::SP84384	0.00E+00	5.94E+01	1.10E+03	1.79E+03	1.96E+01	1.12E+02	5.65E+02	1.04E+02	1.52E+03	1.18E+02	1.73E+02	1.21E+01
Stomach-AdenoCA::SP84491	2.58E+01	2.27E+01	1.16E+02	2.09E+02	3.30E+01	3.32E+01	3.15E+01	1.50E+02	6.94E+01	6.67E+01	1.78E+01	1.70E+01
Stomach-AdenoCA::SP84743	2.64E+01	2.91E+01	2.40E+02	2.58E+02	3.42E+01	2.71E+01	4.29E+01	1.86E+02	2.53E+01	1.24E+02	1.00E+01	2.20E+01
Stomach-AdenoCA::SP84982	2.92E+01	1.35E+01	1.98E+02	6.90E+02	4.30E+01	5.19E+01	1.65E+02	9.43E+01	5.62E+02	5.71E+01	8.16E+01	5.81E+00
Stomach-AdenoCA::SP84392	2.40E+01	2.84E+01	5.27E+02	1.02E+03	3.39E+01	5.41E+01	3.82E+02	2.00E+01	7.71E+02	4.45E+01	6.52E+01	6.98E+00
Stomach-AdenoCA::SP105018	5.61E+01	2.29E+01	2.44E+02	2.74E+02	1.06E+02	5.67E+01	8.52E+01	8.08E+01	1.75E+02	2.09E+02	4.75E+01	2.53E+01
Stomach-AdenoCA::SP84439	3.48E+02	2.58E+02	4.68E+03	7.19E+03	5.26E+02	1.03E+03	3.23E+03	7.89E+01	5.38E+03	8.19E+02	1.53E+03	3.67E+01
Stomach-AdenoCA::SP84922	2.38E+01	1.73E+01	1.52E+02	2.48E+02	2.34E+01	1.62E+01	4.46E+01	1.96E+02	4.25E+01	6.41E+01	2.23E+01	1.39E+01
Uterus-AdenoCA::SP90209	6.54E+02	7.58E+01	1.32E+03	1.88E+04	0.00E+00	0.00E+00	0.00E+00	0.00E+00	1.74E+04	1.11E+02	8.10E+02	1.15E+01
Uterus-AdenoCA::SP93540	3.14E+01	1.59E+01	2.53E+01	4.34E+02	5.86E+01	7.60E+01	2.92E+02	1.53E+01	2.37E+02	6.15E+01	5.06E+01	8.25E+00
Uterus-AdenoCA::SP93227	3.42E+03	4.33E+02	4.47E+02	3.97E+04	2.02E+03	4.05E+02	1.95E+03	2.87E+02	3.53E+04	0.00E+00	2.05E+03	0.00E+00
Uterus-AdenoCA::SP94933	2.54E+01	2.49E+01	3.21E+02	1.39E+02	2.83E+01	3.34E+01	2.47E+02	4.59E+01	1.37E+02	1.34E+02	4.66E+01	9.29E+00
Uterus-AdenoCA::SP92364	3.83E+01	4.13E+01	5.71E+02	1.50E+02	0.00E+00	2.42E+01	4.46E+02	4.02E+01	2.99E+02	1.12E+02	6.30E+01	4.97E+00
Uterus-AdenoCA::SP92659	2.93E+03	0.00E+00	1.56E+03	3.03E+03	1.60E+02	8.40E+01	0.00E+00	3.68E+01	2.08E+02	9.47E+01	4.28E+01	8.41E+00
