MutationType	SBS1	SBS2	SBS4	SBS5	SBS7a	SBS7b	SBS10a	SBS10b	SBS11	SBS13	SBS15	SBS17a	SBS17b	SBS19	SBS22a	SBS26	SBS28	SBS34	SBS44	SBS100
A[C>A]A	0.00088616	0.00000058	0.04219650	0.01199760	0.00006700	0.00232939	0.00219017	0.00018200	0.00014621	0.00181992	0.00094420	0.00207026	0.00060796	0.00126938	0.00604617	0.00087312	0.00078390	0.00486795	0.00000000	0.07221905
A[C>A]C	0.00228041	0.00014800	0.03329724	0.00943811	0.00017912	0.00046088	0.00177014	0.00653991	0.00055279	0.00072097	0.00049711	0.00091812	0.00012899	0.00064069	0.00009450	0.00052807	0.00252969	0.00695707	0.00015004	0.03911009
A[C>A]G	0.00017703	0.00005230	0.01559870	0.00184963	0.00007120	0.00018595	0.00015001	0.00005350	0.00009420	0.00026399	0.00004610	0.00004760	0.00005820	0.00024588	0.00079036	0.00011401	0.00035296	0.00005200	0.00000092	0.01436635
A[C>A]T	0.00128023	0.00009780	0.02949755	0.00660868	0.00024816	0.00070981	0.01700132	0.00001630	0.00026638	0.00034798	0.00111024	0.00006180	0.00045597	0.00057072	0.00172962	0.00061908	0.00396952	0.00122948	0.00578147	0.04867434
A[C>G]A	0.00186033	0.00000000	0.00688943	0.01009798	0.00006490	0.00000856	0.00000000	0.00030500	0.00017024	0.00386983	0.00011302	0.00101013	0.00014599	0.00318845	0.00166999	0.00042706	0.00015398	0.00076168	0.00318081	0.01849154
A[C>G]C	0.00122022	0.00013300	0.00283976	0.00569886	0.00002160	0.00018895	0.00002430	0.00013400	0.00029041	0.00095096	0.00026906	0.00056907	0.00004340	0.00178913	0.00019320	0.00037805	0.00022397	0.00112952	0.00023306	0.00614440
A[C>G]G	0.00011502	0.00001520	0.00127989	0.00171966	0.00005080	0.00050487	0.00000000	0.00000000	0.00005970	0.00026399	0.00003070	0.00015202	0.00000000	0.00061570	0.00023866	0.00006830	0.00000000	0.00000000	0.00003140	0.00283619
A[C>G]T	0.00114020	0.00009120	0.00354970	0.01009798	0.00009570	0.00028493	0.00000000	0.00000000	0.00053576	0.00399982	0.00032507	0.00001960	0.00031898	0.00213896	0.00006230	0.00072810	0.00008330	0.00202915	0.00329083	0.01038774
A[C>T]A	0.02500444	0.00006110	0.00869928	0.03259348	0.00012208	0.00140963	0.00104008	0.00054899	0.02583675	0.00717968	0.00505108	0.00122015	0.00057096	0.02798637	0.00177059	0.00266036	0.00077691	0.00351852	0.08992278	0.01333985
A[C>T]C	0.00632112	0.00138004	0.00417965	0.01789642	0.01771150	0.03808996	0.00083407	0.00524993	0.14720936	0.00000000	0.00691148	0.00171022	0.00007030	0.01409314	0.00021797	0.00254034	0.00337959	0.00370844	0.01690428	0.00450368
A[C>T]G	0.36506483	0.00003270	0.00078294	0.00617876	0.00000000	0.00054286	0.00557043	0.00041399	0.00759080	0.00030299	0.07451597	0.00003950	0.00028698	0.00154925	0.00140509	0.00533072	0.00704915	0.00011795	0.01430362	0.00235976
A[C>T]T	0.00958170	0.00186005	0.00424965	0.02199560	0.00742482	0.01079715	0.00299023	0.00792989	0.10915524	0.00031799	0.00178038	0.00073709	0.00014699	0.03678209	0.00061945	0.00279038	0.00505939	0.00386837	0.03030768	0.00904458
A[T>A]A	0.00080014	0.00009590	0.00941922	0.00737852	0.00194126	0.00248934	0.00005070	0.00181997	0.00041759	0.00000000	0.00204044	0.00101013	0.00006260	0.00078562	0.06370109	0.00152020	0.00017198	0.10295663	0.00478121	0.00209469
A[T>A]C	0.00223040	0.00087803	0.00352971	0.00692861	0.00067044	0.00046688	0.00019401	0.00033699	0.00044163	0.00006520	0.00084118	0.00099713	0.00028898	0.00025488	0.00704076	0.00352048	0.00047794	0.04438130	0.00260066	0.00084481
A[T>A]G	0.00114020	0.00002550	0.01239897	0.00911818	0.00058738	0.00155959	0.00000000	0.00002340	0.00003940	0.00058997	0.00054012	0.00020002	0.00006570	0.00095154	0.06043024	0.00062508	0.00015198	0.03458543	0.00000108	0.00500551
A[T>A]T	0.00018303	0.00000000	0.00420965	0.00619876	0.00371241	0.00828782	0.00666052	0.00284996	0.00000340	0.00060597	0.00954204	0.00146018	0.00063296	0.00065368	0.00250440	0.00307041	0.00169979	0.31586694	0.03080781	0.00140084
A[T>C]A	0.00109019	0.00006170	0.00794934	0.04619076	0.00049032	0.00101973	0.00074506	0.00934987	0.00114162	0.00190992	0.00389083	0.00009650	0.00009730	0.00258874	0.02492218	0.08481146	0.00054893	0.00461805	0.01930489	0.00727876
A[T>C]C	0.00304054	0.00002150	0.00071494	0.01339732	0.00022715	0.00045588	0.00362028	0.00050999	0.00093934	0.00014199	0.00196042	0.01270160	0.00025198	0.00059371	0.00090295	0.02610353	0.00044095	0.00122948	0.00324082	0.00072093
A[T>C]G	0.00010602	0.00001320	0.00499958	0.03819236	0.00018712	0.00149960	0.00214017	0.00053099	0.00032046	0.00042798	0.00024005	0.00037605	0.00000000	0.00230888	0.00772829	0.07851061	0.00040495	0.00001950	0.02720689	0.00591694
A[T>C]T	0.00574102	0.00015500	0.00155987	0.03829234	0.00061540	0.00214943	0.00336026	0.00015000	0.00119169	0.00095896	0.00092920	0.00779099	0.00054396	0.00173915	0.00075332	0.03720503	0.00059493	0.00233901	0.00026707	0.00273774
A[T>G]A	0.00017203	0.00023801	0.00104991	0.00385923	0.00047331	0.00008440	0.00192015	0.00003470	0.00021831	0.00006140	0.00046810	0.00085111	0.00140990	0.00232887	0.00232275	0.00292040	0.00986881	0.00281881	0.00000002	0.00071105
A[T>G]C	0.00020704	0.00007460	0.00015899	0.00259948	0.00024716	0.00093175	0.00124010	0.00005330	0.00004680	0.00000000	0.00041509	0.00070009	0.00447969	0.00188908	0.00005110	0.00253034	0.01729791	0.00046181	0.00003260	0.00017596
A[T>G]G	0.00026805	0.00000205	0.00141988	0.00793841	0.00027618	0.00146961	0.00032002	0.00052299	0.00017925	0.00008250	0.00018504	0.00071909	0.00098993	0.00176914	0.00294174	0.00229031	0.00767907	0.00019692	0.00000747	0.00046644
A[T>G]T	0.00011202	0.00000376	0.00021598	0.00482903	0.00030920	0.00073281	0.00922072	0.00000000	0.00028541	0.00031999	0.00363078	0.01250158	0.06909525	0.00161921	0.00004170	0.00593080	0.11498608	0.00114952	0.00142036	0.00007441
C[C>A]A	0.00031205	0.00020801	0.08069330	0.00742851	0.00045529	0.00113970	0.00318025	0.00052099	0.00061888	0.00139994	0.04180896	0.00029504	0.00027098	0.00131936	0.00182036	0.00141019	0.00202975	0.00194918	0.00002840	0.07842320
C[C>A]C	0.00179032	0.00009530	0.07969339	0.00613877	0.00024016	0.00154959	0.00020202	0.00317995	0.00098740	0.00096796	0.00505108	0.00116015	0.00004110	0.00076663	0.00437713	0.00151020	0.00010899	0.00003670	0.03030768	0.05991352
C[C>A]G	0.00009320	0.00000000	0.02449797	0.00345931	0.00000000	0.00040789	0.00004640	0.00008380	0.00000921	0.00000433	0.00006620	0.00000000	0.00000000	0.00023588	0.00013653	0.00036205	0.00000000	0.00029788	0.00374095	0.01270899
C[C>A]T	0.00000000	0.00042101	0.06899427	0.00648870	0.00037224	0.00148961	0.01730134	0.00832988	0.00015021	0.00000000	0.02870615	0.00013702	0.00018199	0.00003440	0.00010942	0.00714096	0.00020297	0.00061974	0.08672197	0.06452520
C[C>G]A	0.00002410	0.00000000	0.00782935	0.00695861	0.00000000	0.00045788	0.00004570	0.00002990	0.00026137	0.00560975	0.00008360	0.00055307	0.00019399	0.00176914	0.00104447	0.00036405	0.00001440	0.00011895	0.00005360	0.01125897
C[C>G]C	0.00007680	0.00035101	0.00686943	0.00906819	0.00013108	0.00095975	0.00000000	0.00000000	0.00017725	0.00064797	0.00001700	0.00023503	0.00004660	0.00180912	0.00077563	0.00032204	0.00007550	0.00011795	0.00002490	0.00697571
C[C>G]G	0.00035206	0.00004870	0.00339972	0.00248950	0.00007760	0.00079079	0.00002010	0.00000000	0.00001120	0.00048798	0.00005020	0.00023203	0.00000000	0.00004810	0.00023993	0.00004170	0.00000000	0.00018992	0.00000000	0.00279755
C[C>G]T	0.00000000	0.00006360	0.00681943	0.00952809	0.00009570	0.00088977	0.00003010	0.00000000	0.00000965	0.00639972	0.00008450	0.00003900	0.00019299	0.00321843	0.00031832	0.00062508	0.00000000	0.00007360	0.00008640	0.00892827
C[C>T]A	0.00200036	0.00432013	0.01269895	0.01939612	0.05003248	0.10697180	0.00003680	0.00015100	0.00407580	0.00001930	0.01080231	0.00082110	0.00045697	0.11894209	0.00120363	0.00169023	0.00029196	0.00474800	0.00357090	0.01220719
C[C>T]C	0.00027005	0.00017001	0.01149905	0.01899620	0.05533592	0.18195203	0.00000000	0.00008440	0.12617945	0.00134994	0.01110238	0.00172022	0.00005890	0.09195523	0.00315193	0.00283038	0.00020997	0.00051378	0.00286073	0.00688865
C[C>T]G	0.19603481	0.00277008	0.00330972	0.01749650	0.00671436	0.02209418	0.00000000	0.00369995	0.00092131	0.00198991	0.02480532	0.00190024	0.00054296	0.01569236	0.00042765	0.00334045	0.00254969	0.00944602	0.01550393	0.00231570
C[C>T]T	0.00019604	0.00145004	0.01599867	0.02309538	0.05663676	0.12596679	0.00010301	0.00059499	0.06519272	0.00144994	0.01560334	0.00174022	0.00013599	0.25787445	0.00159162	0.00165022	0.00331960	0.00003530	0.00504128	0.01510965
C[T>A]A	0.00004300	0.00024301	0.01439881	0.00353929	0.00017711	0.00111970	0.00000000	0.00007090	0.00018426	0.00020899	0.00034807	0.00043405	0.00009360	0.00009600	0.12800999	0.00094413	0.00013998	0.02369002	0.00001240	0.00372031
C[T>A]C	0.00039307	0.00024401	0.01219899	0.00518896	0.00026117	0.00095775	0.00000000	0.00010600	0.00021230	0.00034198	0.00024405	0.04050512	0.00223985	0.00040280	0.05527104	0.00145020	0.00134984	0.00040883	0.00325082	0.00188783
C[T>A]G	0.00032406	0.00014900	0.03249730	0.00500900	0.00011207	0.00088277	0.00000000	0.00000000	0.00030543	0.00022599	0.00008200	0.01240157	0.00071695	0.00029386	0.16801606	0.00114015	0.00080590	0.00116951	0.00058215	0.00817866
C[T>A]T	0.00026005	0.00000000	0.01179902	0.00429914	0.00037124	0.00011197	0.00037603	0.00023400	0.00016223	0.00052298	0.00105022	0.07230914	0.00778946	0.00021789	0.06069925	0.00064209	0.00102987	0.00026789	0.00001380	0.00176790
C[T>C]A	0.00000000	0.00030201	0.00517957	0.01329734	0.00045129	0.00152960	0.00012201	0.00131998	0.00032847	0.00004740	0.00075016	0.01110140	0.00064696	0.00045178	0.00674053	0.05200703	0.00131984	0.00059375	0.01460370	0.00218529
C[T>C]C	0.00250044	0.00002850	0.00235980	0.01039792	0.00025917	0.00083978	0.00004120	0.00012400	0.00071402	0.00012200	0.00215046	0.17302186	0.00645956	0.00008140	0.00134416	0.03120422	0.00261968	0.00004040	0.00320081	0.00089267
C[T>C]G	0.00036006	0.00000000	0.00549954	0.02079584	0.00010407	0.00072981	0.00105008	0.00002530	0.00013119	0.00000000	0.00139030	0.08731103	0.00391973	0.00049776	0.00203019	0.07871064	0.00248970	0.00081066	0.03380857	0.00353142
C[T>C]T	0.00004260	0.00018600	0.00255979	0.01489702	0.00182118	0.00572849	0.00000244	0.00081499	0.00008460	0.00011200	0.00175037	0.42605383	0.01829874	0.00039081	0.00053955	0.05550750	0.00036696	0.00158933	0.00771195	0.00073559
C[T>G]A	0.00003550	0.00015300	0.00086993	0.00258948	0.00008430	0.00035891	0.00015501	0.00022700	0.00000000	0.00004140	0.00020604	0.00031004	0.00204986	0.00071365	0.00491038	0.00142019	0.01459823	0.00105955	0.00023406	0.00057708
C[T>G]C	0.00021204	0.00015500	0.00044096	0.00460908	0.00017211	0.00079179	0.00000000	0.00114998	0.00000000	0.00000282	0.00015703	0.00104013	0.03139784	0.00208898	0.00088273	0.00494067	0.02209733	0.00000000	0.00253064	0.00040457
C[T>G]G	0.00012802	0.00012100	0.00378969	0.00612877	0.00000000	0.00128966	0.00005350	0.00047899	0.00000000	0.00000000	0.00027206	0.00000194	0.01369906	0.00132935	0.00803077	0.00556075	0.01549812	0.00043582	0.00347088	0.00157747
C[T>G]T	0.00017103	0.00020301	0.00119990	0.00729854	0.00002650	0.00000368	0.00130010	0.00522993	0.00013319	0.00005550	0.00249053	0.00531067	0.54996223	0.00219893	0.00119788	0.00780105	0.10098778	0.00000065	0.00038410	0.00061274
G[C>A]A	0.00158028	0.00008620	0.03159738	0.01019796	0.00004060	0.00074580	0.00121009	0.00073099	0.00016524	0.00094896	0.00229049	0.00178023	0.00099793	0.00081360	0.00223489	0.00049607	0.00015598	0.00280882	0.00000000	0.04438714
G[C>A]C	0.00033906	0.00000000	0.03479711	0.00764847	0.00013809	0.00021494	0.00044103	0.00254996	0.00040558	0.00045098	0.00249053	0.00128016	0.00000278	0.00027187	0.00170997	0.00066609	0.00101988	0.00046780	0.00467118	0.03704622
G[C>A]G	0.00058710	0.00001390	0.01529873	0.00233953	0.00004250	0.00007290	0.00001050	0.00008520	0.00001390	0.00016399	0.00040409	0.00010601	0.00009240	0.00020490	0.00052022	0.00012902	0.00003950	0.00022690	0.00060515	0.01084500
G[C>A]T	0.00000000	0.00005120	0.02119824	0.00681864	0.00000000	0.00014696	0.01110086	0.00279996	0.00000000	0.00006150	0.01820390	0.00004700	0.00053396	0.00027287	0.00054942	0.00081711	0.00015798	0.00001350	0.01130286	0.03274787
G[C>G]A	0.00000959	0.00006540	0.00528956	0.00467906	0.00001960	0.00005110	0.00001500	0.00001720	0.00004680	0.00149993	0.00099421	0.00087811	0.00005990	0.00130936	0.00140307	0.00039505	0.00018298	0.00003340	0.00021906	0.01008801
G[C>G]C	0.00016403	0.00026101	0.00574952	0.00507898	0.00003320	0.00045188	0.00008310	0.00013600	0.00011416	0.00047898	0.00060813	0.00083511	0.00005550	0.00128937	0.00091923	0.00057908	0.00000000	0.00019292	0.00119030	0.00651029
G[C>G]G	0.00016603	0.00000000	0.00329973	0.00150970	0.00004510	0.00033691	0.00000000	0.00000000	0.00000324	0.00024099	0.00001010	0.00002370	0.00000000	0.00059671	0.00021314	0.00007380	0.00000000	0.00000000	0.00000000	0.00281704
G[C>G]T	0.00000000	0.00013400	0.00303975	0.00671866	0.00004200	0.00027693	0.00003540	0.00011300	0.00018626	0.00269988	0.00045110	0.00078710	0.00000000	0.00031984	0.00045370	0.00030504	0.00000000	0.00002690	0.00185047	0.00724550
G[C>T]A	0.00444079	0.00000000	0.00408966	0.01939612	0.00008500	0.00085478	0.00004220	0.00036300	0.01972806	0.00717968	0.07371579	0.00164021	0.00006110	0.06097032	0.00238522	0.00275037	0.00324961	0.00023290	0.09552420	0.00665705
G[C>T]C	0.00009280	0.00000013	0.00445963	0.02159568	0.01170760	0.02629307	0.01250097	0.01509979	0.11516379	0.00092096	0.12902764	0.00000000	0.00015699	0.03968068	0.00184835	0.00545074	0.00018798	0.00000000	0.08142063	0.00400214
G[C>T]G	0.21803872	0.00000000	0.00048196	0.01229754	0.00000552	0.00017595	0.01490116	0.01259982	0.00178254	0.00017799	0.27705936	0.00161020	0.00085494	0.00320844	0.00000000	0.00668090	0.00021497	0.01669297	0.04961257	0.00144160
G[C>T]T	0.00003840	0.00005040	0.00380968	0.01859628	0.01611046	0.00538858	0.01350105	0.03189955	0.06969913	0.00126994	0.07721654	0.00006600	0.00000000	0.10894696	0.00175497	0.00498067	0.00010199	0.00051678	0.06661688	0.00738537
G[T>A]A	0.00008120	0.00000000	0.00921923	0.00366927	0.00040126	0.00052586	0.00000331	0.00000000	0.00000154	0.00000670	0.00051111	0.00006460	0.00009730	0.00018891	0.05339327	0.00078311	0.00011599	0.01899200	0.00116029	0.00225112
G[T>A]C	0.00012902	0.00013100	0.00359970	0.00290942	0.00022415	0.00025593	0.00000000	0.00012300	0.00037553	0.00012999	0.00058913	0.00340043	0.00034698	0.00007780	0.01016474	0.00115015	0.00011799	0.00241898	0.00236060	0.00059229
G[T>A]G	0.00024604	0.00006380	0.01309891	0.00410918	0.00029019	0.00065583	0.00007300	0.00000000	0.00011917	0.00004700	0.00018704	0.00069509	0.00024098	0.00048576	0.03767961	0.00060808	0.00007170	0.00652725	0.00221056	0.00421031
G[T>A]T	0.00025805	0.00006280	0.00551954	0.00321936	0.00030620	0.00005590	0.00042603	0.00010800	0.00016423	0.00035798	0.00084018	0.00480061	0.00157989	0.00028286	0.00945596	0.00083411	0.00032396	0.00747685	0.00318081	0.00165933
G[T>C]A	0.00105019	0.00000000	0.00289976	0.01409718	0.00010107	0.00026593	0.00220017	0.01469979	0.00081015	0.00028699	0.01290276	0.00012302	0.00005950	0.00095354	0.00071688	0.08351129	0.00049094	0.00010895	0.02700684	0.00304441
G[T>C]C	0.00190034	0.00002740	0.00117990	0.00793841	0.00007410	0.00000000	0.00628049	0.00532993	0.00086122	0.00018199	0.01160249	0.01490188	0.00149990	0.00037082	0.00123571	0.02480335	0.00058693	0.00064573	0.00116029	0.00025896
G[T>C]G	0.00117021	0.00010700	0.00236980	0.01499700	0.00007250	0.00052886	0.00000000	0.00137998	0.00056180	0.00019499	0.00595127	0.00357045	0.00100993	0.00095254	0.00058378	0.07120962	0.00073091	0.00043981	0.01730438	0.00246423
G[T>C]T	0.00007130	0.00001250	0.00075494	0.01369726	0.00081153	0.00684819	0.00529041	0.01149984	0.00023734	0.00000000	0.00586126	0.00524066	0.00146990	0.00235885	0.00084617	0.05520746	0.00085090	0.00000000	0.01110281	0.00075492
G[T>G]A	0.00000000	0.00020901	0.00059795	0.00251950	0.00009070	0.00032292	0.00020402	0.00048099	0.00009580	0.00008770	0.00020304	0.00049506	0.00028098	0.00063569	0.00158092	0.00137018	0.00115986	0.00036485	0.00000000	0.00020906
G[T>G]C	0.00000000	0.00013300	0.00025298	0.00170966	0.00012108	0.00032092	0.00083307	0.00094199	0.00000000	0.00000000	0.00058012	0.00020403	0.00624957	0.00070266	0.00023518	0.00121016	0.00192977	0.00000000	0.00001830	0.00015117
G[T>G]G	0.00034806	0.00003710	0.00242980	0.00529894	0.00032521	0.00240937	0.00000000	0.00172998	0.00013019	0.00042598	0.00034707	0.00083511	0.00147990	0.00050975	0.00045215	0.00235032	0.00312962	0.00005650	0.00010303	0.00059107
G[T>G]T	0.00001460	0.00000000	0.00025198	0.00234953	0.00083554	0.00182952	0.00221017	0.00515993	0.00015422	0.00000289	0.00139030	0.00724091	0.11399217	0.00034083	0.00001990	0.00605082	0.02059751	0.00041682	0.00280071	0.00019589
T[C>A]A	0.00006580	0.00063902	0.03979670	0.00785843	0.00039025	0.00289924	0.09400730	0.00044599	0.00018026	0.07899652	0.01720368	0.00019002	0.00001240	0.00137933	0.00078879	0.00093813	0.01429827	0.00426820	0.00085322	0.05139497
T[C>A]C	0.00253045	0.00017001	0.04689611	0.00916817	0.00063641	0.00351907	0.00997077	0.00379995	0.00093934	0.02939870	0.00581124	0.00002590	0.00000000	0.00112945	0.00174744	0.00063008	0.00045194	0.00121949	0.00222056	0.05312394
T[C>A]G	0.00000000	0.00008530	0.01089909	0.00229954	0.00003440	0.00029992	0.00116009	0.00057299	0.00000000	0.01209947	0.00007690	0.00000000	0.00009510	0.00028486	0.00000000	0.00012302	0.00012898	0.00000000	0.00000032	0.00778679
T[C>A]T	0.00000588	0.00044001	0.04129657	0.01269746	0.00061340	0.00140963	0.67005207	0.08159886	0.00004740	0.03549844	0.00805172	0.00028804	0.00256982	0.00137933	0.00040012	0.00140019	0.00055693	0.00003200	0.01660421	0.05655428
T[C>G]A	0.00000000	0.00000000	0.00357970	0.00780844	0.00000000	0.00025393	0.00005550	0.00000000	0.00001560	0.31698603	0.00021405	0.00375047	0.00015999	0.00174915	0.00358175	0.00131018	0.00011499	0.00000062	0.00067317	0.00902779
T[C>G]C	0.00020304	0.00009870	0.00594951	0.00759848	0.00005090	0.00161957	0.00000000	0.00000000	0.00022432	0.06349720	0.00006120	0.00072309	0.00006180	0.00311848	0.00152650	0.00074510	0.00013598	0.00013994	0.00000940	0.00756084
T[C>G]G	0.00006940	0.00004120	0.00182985	0.00170966	0.00000635	0.00036390	0.00000000	0.00000000	0.00000000	0.01379939	0.00005840	0.00038005	0.00001550	0.00044079	0.00038925	0.00009410	0.00002460	0.00000000	0.00000000	0.00176747
T[C>G]T	0.00156028	0.00118003	0.00337972	0.01249750	0.00028118	0.00071381	0.00005450	0.00004340	0.00018526	0.36898374	0.00017404	0.00028304	0.00149990	0.00160922	0.00039204	0.00221030	0.00014298	0.00214910	0.00259066	0.01060824
T[C>T]A	0.00111020	0.53601551	0.00373969	0.02029594	0.23815459	0.00660826	0.00036603	0.00272996	0.00979393	0.00692969	0.02650568	0.00053207	0.00010799	0.04387864	0.00159972	0.00329044	0.00483941	0.00185922	0.00140036	0.00521641
T[C>T]C	0.00003730	0.09730282	0.00698942	0.02299540	0.33121500	0.21094439	0.00276021	0.04849932	0.15822503	0.00447980	0.00956205	0.00009060	0.00060396	0.02498783	0.00132565	0.00253034	0.00412950	0.00028888	0.00225057	0.00648268
T[C>T]G	0.11001954	0.04420128	0.00028098	0.01589682	0.07414813	0.05738487	0.00279022	0.43699388	0.00000029	0.00118995	0.02120454	0.00017702	0.00006240	0.00431790	0.00003850	0.00263036	0.00173979	0.00029987	0.00000000	0.00073268
T[C>T]T	0.00000000	0.30000868	0.00721940	0.02099580	0.10706950	0.10197312	0.02280177	0.12799821	0.11916948	0.00141994	0.00174037	0.00034804	0.00089494	0.06286939	0.00000000	0.00213029	0.00198976	0.00080766	0.00302076	0.00995571
T[T>A]A	0.00672119	0.00042201	0.00887926	0.00630874	0.00035623	0.00323915	0.00204016	0.00305996	0.00018626	0.00029599	0.00109023	0.00011901	0.00118992	0.00049376	0.07093883	0.00113015	0.00018798	0.27188547	0.00696176	0.00177702
T[T>A]C	0.00000000	0.00019201	0.00430964	0.00413917	0.00038925	0.00223941	0.00036003	0.00066499	0.00020229	0.00023199	0.00015703	0.00570072	0.00024198	0.00047477	0.02406183	0.00126017	0.00124985	0.00000000	0.00002070	0.00105546
T[T>A]G	0.00002800	0.00005010	0.00953921	0.00478904	0.00000000	0.00169955	0.00069305	0.00007060	0.00020129	0.00018799	0.00014903	0.00183023	0.00000000	0.00037282	0.07379117	0.00027804	0.00032096	0.00776673	0.00000502	0.00307819
T[T>A]T	0.00225040	0.00020501	0.00561953	0.00874825	0.00079852	0.00000000	0.00529041	0.00151998	0.00067496	0.00006200	0.00047510	0.00198025	0.00130991	0.00067267	0.03023137	0.00131018	0.00571931	0.04598063	0.01390352	0.00146779
T[T>C]A	0.00025505	0.00000000	0.00240980	0.01799640	0.00215140	0.00599842	0.00073006	0.00885988	0.00011316	0.00002210	0.00342073	0.00209026	0.00105993	0.00123940	0.00457447	0.04230572	0.00130984	0.00139941	0.01990504	0.00199343
T[T>C]C	0.00339060	0.00004350	0.00050296	0.00970806	0.00059639	0.00172954	0.00517040	0.00008100	0.00046766	0.00002490	0.00592127	0.01530193	0.00109993	0.00055273	0.00000000	0.03140424	0.00204975	0.00623737	0.01050266	0.00038514
T[T>C]G	0.00041607	0.00011700	0.00173986	0.01269746	0.00031921	0.00380900	0.00036303	0.00066799	0.00015522	0.00009980	0.00132028	0.00235030	0.00120992	0.00107948	0.00122985	0.03030409	0.00140983	0.00109954	0.01910484	0.00241931
T[T>C]T	0.00433077	0.00003580	0.00063595	0.01849630	0.00081253	0.00296922	0.00325025	0.00002510	0.00010615	0.00053098	0.00135029	0.02100265	0.00099993	0.00146929	0.00000000	0.05740776	0.00205975	0.00707702	0.03710940	0.00090291
T[T>G]A	0.00000000	0.00001670	0.00037697	0.00521896	0.00012808	0.00095475	0.00269021	0.01129984	0.00008520	0.00018399	0.00023105	0.00000000	0.00001220	0.00165919	0.00499931	0.00143019	0.04229488	0.00000000	0.00000000	0.00042428
T[T>G]C	0.00005510	0.00007040	0.00017399	0.00655869	0.00011608	0.00154959	0.00000000	0.00554992	0.00006740	0.00000000	0.00029406	0.00011602	0.00874940	0.00201902	0.00076672	0.00172023	0.03569568	0.00000000	0.00000000	0.00015840
T[T>G]G	0.00058310	0.00009540	0.00231981	0.00693861	0.00000000	0.00134964	0.00002160	0.00275996	0.00010114	0.00003670	0.00014803	0.00092012	0.00477967	0.00206899	0.00561498	0.00284038	0.01399831	0.00151936	0.00091723	0.00136161
T[T>G]T	0.00000000	0.00000000	0.00056795	0.01349730	0.00008300	0.00176953	0.01890147	0.09089873	0.00005560	0.00001890	0.00599128	0.00458058	0.12199162	0.00422794	0.00059760	0.00945128	0.47894203	0.00023190	0.00900228	0.00017892
